cloud 0
1;1.021059349074665
2;1.0141023609570592
3;1.0075566750629723
4;1.0018785222291797
5;0.9975062344139651
6;0.9970400373890014
7;0.9968847352024922
8;0.9979728676126618
9;0.9981285090455396
10;0.9981285090455396
11;0.9970400373890014
12;0.9976617303195635
13;0.9975062344139651
14;0.9975062344139651
15;0.9981285090455396
16;0.9978172747115684
17;0.9982841990329122
18;0.9982841990329122
19;0.9985957247620534
20;0.9993753903810119
21;0.9989074449820509
22;0.999687597625742
23;1.0
24;1.0004689698296076
25;1.0010949475989364
26;1.0010949475989364
27;1.0009383797309979
28;1.0004689698296076
29;1.0
30;0.9993753903810119
31;0.9985957247620534
32;0.9990633780830471
33;0.9989074449820509
34;0.9984399375975039
35;0.9984399375975039
36;0.9989074449820509
37;0.9985957247620534
38;0.9987515605493134
39;0.9987515605493134
40;0.9985957247620534
41;0.9992193598750976
42;0.9985957247620534
43;0.9990633780830471
44;0.9992193598750976
45;0.9998437744102484
46;0.999687597625742
47;1.000312597686777
48;1.0006253908692933
49;1.0009383797309979
50;1.0018785222291797
51;1.001408230323893
52;1.001564945226917
53;1.0004689698296076
54;1.000312597686777
55;0.999687597625742
56;0.9995314696236139
57;0.9992193598750976
58;0.9989074449820509
59;0.9992193598750976
60;0.9990633780830471
61;0.9989074449820509
62;0.999687597625742
63;0.9987515605493134
64;0.9987515605493134
65;0.999687597625742
66;0.9989074449820509
67;0.9992193598750976
68;0.9993753903810119
69;0.9993753903810119
70;1.0
71;1.000312597686777
72;1.0001562744178778
73;1.0006253908692933
74;1.0006253908692933
75;1.001408230323893
76;1.001408230323893
77;1.001408230323893
78;1.0006253908692933
79;1.000312597686777
80;1.0001562744178778
81;1.0010949475989364
82;1.0017217091876662
83;1.0025062656641603
84;1.004079071226859
85;1.0069225928256764
86;1.0089862840927006
87;1.0116977552956055
88;1.015228426395939
89;1.0181355392936684
90;1.0212222754108824
91;1.0249839846252402
92;1.0296010296010296
93;1.0329244673983216
94;1.0364372469635628
95;1.0404812225654365
96;1.0443864229765014
97;1.048149361283983
cloud 1
98;1.5238095238095237
99;1.5212224108658743
100;1.5186440677966102
101;1.5109612141652613
102;1.4983277591973243
103;1.4883720930232558
104;1.4761120263591434
105;1.4640522875816993
106;1.3978159126365055
107;1.3848531684698608
108;1.3700305810397553
109;1.3617021276595744
110;1.3555219364599091
111;1.3353204172876305
112;1.3274074074074074
113;1.3176470588235294
114;1.313782991202346
115;1.308029197080292
116;1.2910662824207493
117;1.2873563218390804
118;1.2781740370898715
119;1.2727272727272727
120;1.2691218130311614
121;1.2637517630465445
122;1.2549019607843137
123;1.2513966480446927
124;1.2461752433936022
125;1.2409972299168974
126;1.2461752433936022
127;1.2444444444444445
128;1.2444444444444445
cloud 2
98;1.411023622047244
99;1.36793893129771
100;1.341317365269461
101;1.3274074074074074
102;1.3234859675036927
103;1.308029197080292
104;1.304221251819505
105;1.3293768545994065
106;1.3313521545319464
107;1.3393124065769806
108;1.3596358118361154
109;1.3721286370597243
110;1.395638629283489
111;1.4088050314465408
112;1.424483306836248
113;1.4498381877022655
114;1.4498381877022655
115;1.4569105691056912
116;1.4616639477977162
117;1.4592833876221498
118;1.4616639477977162
119;1.4616639477977162
120;1.4521880064829822
121;1.4267515923566878
122;1.4313099041533546
123;1.4199683042789224
124;1.4313099041533546
125;1.4290271132376395
126;1.4199683042789224
127;1.4336
128;1.4428341384863124
129;1.304221251819505
130;1.343328335832084
131;1.3978159126365055
132;1.4498381877022655
133;1.4883720930232558
134;1.5238095238095237
135;1.5636998254799301
136;1.6028622540250448
137;1.641025641025641
138;1.6685288640595903
139;1.703422053231939
140;1.7330754352030948
141;1.763779527559055
142;1.7955911823647295
143;1.8285714285714285
144;1.8666666666666667
145;1.9023354564755839
146;1.9352051835853132
147;1.9692307692307693
148;1.991111111111111
149;1.991111111111111
150;1.9692307692307693
151;1.9779249448123621
152;1.9563318777292575
cloud 3
98;1.415481832543444
99;1.391304347826087
100;1.3493975903614457
101;1.3176470588235294
102;1.2873563218390804
103;1.28
104;1.2531468531468533
105;1.2392807745504841
106;1.2240437158469946
107;1.2157394843962008
108;1.2026845637583892
109;1.1914893617021276
110;1.1851851851851851
111;1.1773981603153745
112;1.1805006587615283
113;1.1820580474934037
114;1.193075898801598
115;1.1978609625668448
116;1.2091767881241566
117;1.2223738062755798
118;1.2324621733149932
119;1.2392807745504841
120;1.2584269662921348
121;1.2781740370898715
122;1.2873563218390804
123;1.3061224489795917
124;1.3254437869822486
125;1.3353204172876305
126;1.3493975903614457
127;1.3617021276595744
128;1.3617021276595744
129;1.5448275862068965
130;1.48099173553719
131;1.3891472868217054
132;1.3176470588235294
133;1.2513966480446927
134;1.2026845637583892
135;1.1298865069356874
136;1.0847457627118644
137;1.0504103165298946
138;1.020501138952164
139;0.9944506104328524
140;0.9739130434782609
141;0.9531914893617022
142;0.9461457233368532
143;0.9265770423991727
144;0.9161554192229039
145;0.9133537206931702
146;0.9014084507042254
147;0.9032258064516129
148;0.9014084507042254
149;0.9087221095334685
150;0.9133537206931702
151;0.919917864476386
152;0.9256198347107438
cloud 4
98;1.3763440860215055
99;1.353474320241692
100;1.3195876288659794
101;1.304221251819505
102;1.2763532763532763
103;1.2619718309859156
104;1.2566619915848527
105;1.2324621733149932
106;1.2223738062755798
107;1.2173913043478262
108;1.205921938088829
109;1.2026845637583892
110;1.2010723860589811
111;1.1962616822429906
112;1.1883289124668435
113;1.1851851851851851
114;1.1962616822429906
115;1.2043010752688172
116;1.2026845637583892
117;1.2173913043478262
118;1.225718194254446
119;1.2324621733149932
120;1.2444444444444445
121;1.2531468531468533
122;1.2513966480446927
123;1.2619718309859156
124;1.265536723163842
125;1.2691218130311614
126;1.270921985815603
127;1.2873563218390804
128;1.292929292929293
cloud 5
98;1.411023622047244
99;1.3658536585365855
100;1.337313432835821
101;1.3215339233038348
102;1.3176470588235294
103;1.302325581395349
104;1.292929292929293
105;1.3215339233038348
106;1.3333333333333333
107;1.3293768545994065
108;1.3473684210526315
109;1.3700305810397553
110;1.391304347826087
111;1.391304347826087
112;1.413249211356467
113;1.435897435897436
114;1.4592833876221498
115;1.4521880064829822
116;1.4545454545454546
117;1.4688524590163934
118;1.471264367816092
119;1.4785478547854785
120;1.4785478547854785
121;1.4859038142620231
122;1.5033557046979866
123;1.5160744500846024
124;1.5395189003436427
125;1.5528596187175043
126;1.5664335664335665
127;1.5746924428822495
128;1.5858407079646017
129;1.620253164556962
130;1.6470588235294117
131;1.6623376623376624
132;1.7001897533206831
133;1.7197696737044146
134;1.7431906614785992
135;1.767258382642998
136;1.7884231536926147
137;1.817444219066937
138;1.8436213991769548
139;1.878406708595388
140;1.894291754756871
141;1.9145299145299146
142;1.9478260869565218
143;1.9649122807017543
144;1.9955456570155903
145;2.0
146;2.018018018018018
147;2.036363636363636
148;2.0503432494279177
149;2.0503432494279177
150;2.041002277904328
151;2.0271493212669682
152;2.013483146067416
153;1.9779249448123621
154;1.8360655737704918
155;1.7197696737044146
156;1.6144144144144144
157;1.5238095238095237
158;1.4451612903225806
cloud 6
98;1.4498381877022655
99;1.4451612903225806
100;1.4382022471910112
101;1.4290271132376395
102;1.413249211356467
103;1.3978159126365055
104;1.3891472868217054
105;1.3742331288343559
106;1.3978159126365055
107;1.382716049382716
108;1.3637747336377473
109;1.3617021276595744
110;1.3514328808446456
111;1.3393124065769806
112;1.3274074074074074
113;1.3176470588235294
114;1.3099415204678362
115;1.3061224489795917
116;1.2947976878612717
117;1.2836676217765044
118;1.2781740370898715
119;1.270921985815603
120;1.2691218130311614
121;1.265536723163842
122;1.2584269662921348
123;1.2531468531468533
124;1.2513966480446927
125;1.2409972299168974
126;1.2461752433936022
127;1.2427184466019416
128;1.2444444444444445
cloud 7
98;1.9430740037950665
99;1.9248120300751879
100;1.8998144712430427
101;1.8220640569395017
102;1.7746967071057191
103;1.7534246575342465
104;1.7210084033613446
105;1.659643435980551
106;1.6253968253968254
107;1.6
108;1.5729646697388633
109;1.5238095238095237
110;1.4927113702623906
111;1.4755043227665705
112;1.4422535211267606
113;1.4163208852005533
114;1.3931972789115645
115;1.3689839572192513
116;1.3562913907284768
117;1.3350717079530638
118;1.3212903225806452
119;1.3128205128205128
120;1.3077905491698596
121;1.3061224489795917
122;1.3027989821882953
123;1.3061224489795917
124;1.3077905491698596
125;1.3145057766367136
126;1.3145057766367136
127;1.3161953727506426
128;1.3368146214099217
cloud 8
129;1.1681877444589308
130;1.1697127937336815
131;1.170476812540823
132;1.165149544863459
133;1.1643924626380766
134;1.1681877444589308
135;1.1666666666666667
136;1.16590761223162
137;1.1666666666666667
138;1.1712418300653595
139;1.172007848266841
140;1.1681877444589308
141;1.1697127937336815
142;1.1750819672131148
143;1.1727748691099475
144;1.1743119266055047
145;1.1766250820748523
146;1.1820580474934037
147;1.1805006587615283
148;1.1812788398154253
149;1.1851851851851851
150;1.1883289124668435
151;1.1867549668874173
152;1.1899070385126163
153;1.1735428945645057
154;1.1743119266055047
155;1.170476812540823
156;1.1674267100977198
157;1.1621271076523996
158;1.1697127937336815
cloud 9
129;1.8622696411251212
130;1.8461538461538463
131;1.8285714285714285
132;1.8130311614730878
133;1.801125703564728
134;1.7827298050139275
135;1.7728531855955678
136;1.7566331198536138
137;1.7344173441734418
138;1.708185053380783
139;1.687170474516696
140;1.6652211621856028
141;1.641025641025641
142;1.6134453781512605
143;1.588089330024814
144;1.56479217603912
145;1.536
146;1.5141955835962144
147;1.4895267649340573
148;1.4645308924485125
149;1.4360508601346298
150;1.4096916299559472
151;1.390296886314265
152;1.3714285714285714
153;1.1408199643493762
154;1.1517696460707858
155;1.1657559198542806
156;1.188118811881188
157;1.2045169385194479
158;1.2144212523719164
159;1.0400866738894907
cloud 10
153;2.7442572741194486
154;2.623718887262079
155;2.541843971631206
156;2.4216216216216218
157;2.2798982188295165
158;2.1590361445783133
159;2.0317460317460316
160;1.2018779342723005
161;1.1962616822429906
162;1.1844018506278917
163;1.1697127937336815
164;1.160621761658031
165;1.150931278098908
166;1.1421287444231996
167;1.1334598355471222
168;1.1221039448966812
169;1.1137352392790554
170;1.103448275862069
171;1.0946854001221746
172;1.0834340991535671
173;1.0769230769230769
174;1.065398335315101
175;1.0578512396694215
176;1.047953216374269
177;1.0394431554524362
178;1.0352397458116696
179;1.0287026406429391
180;1.0234151913192462
181;1.0176036342986938
182;1.0118577075098814
183;1.008441193021947
cloud 11
159;1.7884231536926147
160;1.1526586620926245
161;1.147247119078105
162;1.1404327535002121
163;1.1317894736842105
164;1.1270440251572327
165;1.1204668611921633
166;1.114890087100788
167;1.1125827814569536
168;1.107540173053152
169;1.102091020910209
170;1.1011880376894716
171;1.0971428571428572
172;1.094908350305499
173;1.0895824888528578
174;1.087378640776699
175;1.0838709677419356
176;1.0816901408450703
177;1.0803858520900322
178;1.0799517878666132
179;1.0777866880513232
180;1.0756302521008403
181;1.0756302521008403
182;1.0739113064322812
183;1.0670901151250496
184;1.039845261121857
185;1.0406504065040652
186;1.0414567996900426
187;1.0410534469403563
188;1.0410534469403563
189;1.042264443582784
190;1.0426687354538402
cloud 13
160;4.19672131147541
161;4.129032258064516
162;4.413793103448276
163;4.266666666666667
164;4.338983050847458
165;4.571428571428571
166;4.491228070175438
167;4.338983050847458
168;4.654545454545454
169;4.7407407407407405
170;4.654545454545454
171;4.571428571428571
172;4.491228070175438
173;4.7407407407407405
174;4.830188679245283
175;4.923076923076923
176;4.571428571428571
177;4.571428571428571
178;4.571428571428571
179;4.266666666666667
180;4.19672131147541
181;4.129032258064516
182;4.063492063492063
183;4.654545454545454
184;2.226086956521739
185;2.1512605042016806
186;2.098360655737705
187;2.0317460317460316
188;2.0
189;1.9541984732824427
190;1.9104477611940298
191;2.226086956521739
192;2.169491525423729
193;2.064516129032258
194;1.9692307692307693
195;1.8823529411764706
196;1.8156028368794326
197;1.7534246575342465
198;1.6842105263157894
199;1.6516129032258065
200;1.610062893081761
201;1.5515151515151515
202;1.514792899408284
203;1.471264367816092
204;1.4545454545454546
205;1.4222222222222223
206;1.3763440860215055
207;1.3473684210526315
208;1.3195876288659794
209;1.299492385786802
210;1.2864321608040201
211;1.28
212;1.2673267326732673
213;1.2610837438423645
214;1.248780487804878
cloud 15
160;2.048
161;2.115702479338843
162;2.226086956521739
163;2.3703703703703702
164;2.3486238532110093
165;2.4150943396226414
166;2.327272727272727
167;2.2857142857142856
168;2.098360655737705
169;1.9844961240310077
170;1.8285714285714285
171;1.8285714285714285
172;1.8285714285714285
173;1.8285714285714285
174;1.8962962962962964
175;1.9692307692307693
176;2.064516129032258
177;2.206896551724138
178;2.226086956521739
179;2.3703703703703702
180;2.5098039215686274
181;2.5346534653465347
182;2.6391752577319587
183;2.694736842105263
184;1.7534246575342465
185;1.5238095238095237
186;1.3617021276595744
187;1.2549019607843137
188;1.1797235023041475
189;1.147982062780269
190;1.0847457627118644
cloud 16
160;4.830188679245283
161;3.1219512195121952
162;2.4380952380952383
163;2.1333333333333333
164;2.0
165;1.9104477611940298
166;1.9248120300751879
167;1.9541984732824427
168;2.0
169;2.1333333333333333
170;2.265486725663717
171;2.3703703703703702
172;2.4615384615384617
173;2.6122448979591835
174;2.723404255319149
175;2.8764044943820224
176;3.011764705882353
177;3.240506329113924
178;3.4133333333333336
179;3.6056338028169015
180;3.9384615384615387
181;4.266666666666667
182;4.491228070175438
183;4.7407407407407405
184;5.12
185;4.7407407407407405
186;4.338983050847458
187;4.129032258064516
188;3.9384615384615387
189;3.6056338028169015
190;3.4133333333333336
191;2.5098039215686274
192;2.4615384615384617
193;2.4615384615384617
194;2.4150943396226414
195;2.392523364485981
196;2.392523364485981
197;2.3486238532110093
198;2.327272727272727
199;2.327272727272727
200;2.3063063063063063
201;2.2857142857142856
202;2.2857142857142856
203;2.2857142857142856
204;2.226086956521739
205;2.206896551724138
206;2.1880341880341883
207;2.169491525423729
208;2.1512605042016806
209;2.115702479338843
210;2.098360655737705
211;2.064516129032258
212;2.048
213;2.0
214;1.9692307692307693
215;1.9248120300751879
216;1.8823529411764706
217;1.841726618705036
218;1.8156028368794326
219;1.7777777777777777
220;1.7181208053691275
cloud 18
160;22.58823529411765
161;14.76923076923077
162;12.387096774193548
163;10.666666666666666
164;8.533333333333333
165;8.347826086956522
166;7.111111111111111
167;6.295081967213115
168;6.0
169;5.333333333333333
170;4.987012987012987
171;4.314606741573034
172;4.173913043478261
173;3.878787878787879
174;3.6923076923076925
175;3.4594594594594597
176;3.226890756302521
177;3.0236220472440944
178;2.931297709923664
179;2.782608695652174
180;2.6482758620689655
181;2.543046357615894
182;2.445859872611465
183;2.3850931677018634
184;1.2113564668769716
185;1.1925465838509317
186;1.177914110429448
187;1.1743119266055047
188;1.1497005988023952
189;1.1428571428571428
190;1.136094674556213
cloud 12
184;3.1604938271604937
185;2.942528735632184
186;2.8764044943820224
187;2.909090909090909
188;2.909090909090909
189;2.942528735632184
190;2.909090909090909
cloud 14
184;2.265486725663717
185;2.064516129032258
186;1.9692307692307693
187;1.841726618705036
188;1.7414965986394557
189;1.641025641025641
190;1.5705521472392638
191;1.5238095238095237
192;1.4545454545454546
193;1.4797687861271676
194;1.3763440860215055
195;1.3989071038251366
196;1.3128205128205128
197;1.299492385786802
198;1.28
199;1.248780487804878
200;1.2549019607843137
201;1.248780487804878
202;1.2075471698113207
203;1.2018779342723005
204;1.2190476190476192
205;1.1636363636363636
206;1.1743119266055047
207;1.1851851851851851
208;1.158371040723982
209;1.1531531531531531
210;1.1531531531531531
211;1.1277533039647578
212;1.1327433628318584
213;1.1327433628318584
214;1.1228070175438596
cloud 17
184;16.0
185;15.058823529411764
186;12.19047619047619
187;10.24
188;9.481481481481481
189;8.533333333333333
190;7.314285714285714
191;4.654545454545454
192;4.571428571428571
193;4.338983050847458
194;4.654545454545454
195;4.7407407407407405
196;4.571428571428571
197;4.923076923076923
198;5.224489795918367
199;5.224489795918367
200;4.923076923076923
201;4.923076923076923
202;4.830188679245283
203;4.7407407407407405
204;4.654545454545454
205;4.654545454545454
206;4.571428571428571
207;4.491228070175438
208;4.654545454545454
209;4.7407407407407405
210;4.830188679245283
211;4.7407407407407405
212;4.830188679245283
213;5.019607843137255
214;5.019607843137255
215;3.2
216;3.011764705882353
217;2.8764044943820224
218;2.694736842105263
219;2.6666666666666665
220;2.585858585858586
cloud 19
184;2.115702479338843
185;2.1333333333333333
186;2.098360655737705
187;2.169491525423729
188;2.206896551724138
189;2.245614035087719
190;2.2857142857142856
191;1.9248120300751879
192;2.0
193;2.1333333333333333
194;2.2857142857142856
195;2.4150943396226414
196;2.5346534653465347
197;2.6391752577319587
198;2.694736842105263
199;2.782608695652174
200;2.8131868131868134
201;2.9767441860465116
202;3.011764705882353
203;3.011764705882353
204;2.9767441860465116
205;3.011764705882353
206;3.0843373493975905
207;3.0476190476190474
208;3.0476190476190474
209;3.0476190476190474
210;3.0476190476190474
211;2.9767441860465116
212;2.8444444444444446
213;2.8131868131868134
214;2.782608695652174
215;1.9844961240310077
216;2.0813008130081303
217;2.1333333333333333
218;2.169491525423729
219;2.1880341880341883
220;2.265486725663717
221;2.2857142857142856
222;2.1333333333333333
223;2.1512605042016806
224;2.169491525423729
cloud 20
184;1.8686131386861313
185;1.9104477611940298
186;2.048
187;2.115702479338843
188;2.169491525423729
189;2.206896551724138
190;2.265486725663717
191;2.3063063063063063
192;2.3063063063063063
193;2.2857142857142856
194;2.265486725663717
195;2.2857142857142856
196;2.327272727272727
197;2.3063063063063063
198;2.3703703703703702
199;2.392523364485981
200;2.4150943396226414
201;2.4615384615384617
202;2.5098039215686274
203;2.6122448979591835
204;2.6122448979591835
205;2.6666666666666665
206;2.694736842105263
207;2.694736842105263
208;2.6391752577319587
209;2.6122448979591835
210;2.56
211;2.5098039215686274
212;2.4854368932038833
213;2.4150943396226414
214;2.3486238532110093
215;2.169491525423729
216;2.064516129032258
217;1.9393939393939394
218;1.8285714285714285
219;1.7655172413793103
220;1.6305732484076434
221;1.5515151515151515
222;1.5609756097560976
223;1.4545454545454546
224;1.3763440860215055
cloud 21
184;1.9104477611940298
185;1.7777777777777777
186;1.6
187;1.532934131736527
188;1.5058823529411764
189;1.514792899408284
190;1.4970760233918128
191;1.4797687861271676
192;1.471264367816092
193;1.4463276836158192
194;1.4628571428571429
195;1.4382022471910112
196;1.4143646408839778
197;1.3837837837837839
198;1.3689839572192513
199;1.3544973544973544
200;1.3473684210526315
201;1.3264248704663213
202;1.3128205128205128
203;1.2864321608040201
204;1.28
205;1.28
206;1.2673267326732673
207;1.2427184466019416
208;1.2367149758454106
209;1.2190476190476192
210;1.2132701421800949
211;1.2075471698113207
212;1.1797235023041475
213;1.1743119266055047
214;1.1636363636363636
215;1.003921568627451
216;1.0078740157480315
217;0.9624060150375939
218;0.973384030418251
219;0.9446494464944649
220;0.9446494464944649
221;0.927536231884058
222;0.9110320284697508
223;0.927536231884058
224;0.9142857142857143
225;0.7687687687687688
226;0.7757575757575758
227;0.7781155015197568
228;0.7852760736196319
229;0.7876923076923077
230;0.7852760736196319
231;0.7975077881619937
232;0.7950310559006211
233;0.7901234567901234
234;0.7925696594427245
235;0.7975077881619937
236;0.7950310559006211
237;0.8050314465408805
238;0.8126984126984127
239;0.8178913738019169
240;0.8311688311688312
241;0.8366013071895425
242;0.8421052631578947
243;0.839344262295082
244;0.8421052631578947
245;0.7950310559006211
246;0.8205128205128205
247;0.8504983388704319
248;0.9142857142857143
249;0.9481481481481482
250;1.0118577075098814
251;1.0666666666666667
252;1.1130434782608696
253;1.1327433628318584
254;1.1531531531531531
cloud 22
184;1.3989071038251366
185;1.4301675977653632
186;1.391304347826087
187;1.4065934065934067
188;1.3617021276595744
189;1.3544973544973544
190;1.3128205128205128
191;1.2864321608040201
192;1.2367149758454106
193;1.1636363636363636
194;1.1906976744186046
195;1.1327433628318584
196;1.1327433628318584
197;1.0893617021276596
198;1.0711297071129706
199;1.080168776371308
200;1.0406504065040652
201;1.0448979591836736
202;1.062240663900415
203;1.0281124497991967
204;1.0281124497991967
205;1.0491803278688525
206;1.024
207;1.0364372469635628
208;1.032258064516129
209;1.0534979423868314
210;1.0406504065040652
211;1.0078740157480315
212;1.0118577075098814
213;0.9961089494163424
214;1.0
cloud 23
184;1.9248120300751879
185;1.9541984732824427
186;1.9844961240310077
187;2.048
188;2.098360655737705
189;2.0317460317460316
190;2.1512605042016806
191;2.206896551724138
192;2.265486725663717
193;2.265486725663717
194;2.265486725663717
195;2.245614035087719
196;2.3063063063063063
197;2.2857142857142856
198;2.226086956521739
199;2.226086956521739
200;2.265486725663717
201;2.226086956521739
202;2.226086956521739
203;2.1880341880341883
204;2.1880341880341883
205;2.1333333333333333
206;2.169491525423729
207;2.0813008130081303
208;2.064516129032258
209;2.0317460317460316
210;1.9692307692307693
211;1.8962962962962964
212;1.841726618705036
213;1.7902097902097902
214;1.673202614379085
cloud 24
184;2.4380952380952383
185;2.6122448979591835
186;2.6666666666666665
187;2.752688172043011
188;2.909090909090909
189;2.942528735632184
190;3.0843373493975905
191;2.3063063063063063
192;2.3486238532110093
193;2.392523364485981
194;2.3486238532110093
195;2.4150943396226414
196;2.4380952380952383
197;2.5098039215686274
198;2.5346534653465347
199;2.56
200;2.694736842105263
201;2.723404255319149
202;2.8131868131868134
203;2.9767441860465116
204;3.0476190476190474
205;3.1604938271604937
206;3.282051282051282
207;3.4133333333333336
208;3.4133333333333336
209;3.506849315068493
210;3.6056338028169015
211;3.710144927536232
212;3.9384615384615387
213;3.878787878787879
214;3.878787878787879
cloud 25
184;1.6
185;1.6305732484076434
186;1.673202614379085
187;1.620253164556962
188;1.673202614379085
189;1.695364238410596
190;1.7414965986394557
191;1.7902097902097902
192;1.8962962962962964
193;1.9692307692307693
194;2.048
195;2.064516129032258
196;2.0813008130081303
197;2.1512605042016806
198;2.265486725663717
199;2.265486725663717
200;2.2857142857142856
201;2.3063063063063063
202;2.2857142857142856
203;2.3063063063063063
204;2.3063063063063063
205;2.3063063063063063
206;2.3063063063063063
207;2.2857142857142856
208;2.2857142857142856
209;2.265486725663717
210;2.265486725663717
211;2.265486725663717
212;2.265486725663717
213;2.1880341880341883
214;2.1880341880341883
cloud 26
191;1.1701112877583466
192;1.1650178076770874
193;1.1595116187475385
194;1.1572327044025157
195;1.1540572324578597
196;1.1468640436306974
197;1.1441896618732996
198;1.1419705197827774
199;1.1362408336549594
200;1.1340523882896765
201;1.1318723567858515
202;1.1271056661562022
203;1.1240931653302788
204;1.1223789553945864
205;1.1206699657403882
206;1.118116217242689
207;1.1159969673995451
208;1.1126228269085412
209;1.110943396226415
210;1.106766917293233
211;1.105105105105105
212;1.103862017247844
213;1.103448275862069
214;1.1013842124953237
215;1.086747877445552
216;1.0843462246777165
217;1.0827510114012504
218;1.0823529411764705
219;1.0795746241290796
220;1.0799706529713866
cloud 27
191;1.56479217603912
192;1.5274463007159904
193;1.4849187935034802
194;1.4512471655328798
195;1.4222222222222223
196;1.400437636761488
197;1.3704496788008564
198;1.350210970464135
199;1.3333333333333333
200;1.3141683778234086
201;1.3061224489795917
202;1.2877263581488934
203;1.2749003984063745
204;1.2774451097804391
205;1.2673267326732673
206;1.2549019607843137
207;1.25
208;1.2403100775193798
209;1.2307692307692308
210;1.2307692307692308
211;1.2355212355212355
212;1.2260536398467432
213;1.2237093690248566
214;1.2237093690248566
215;1.200750469043152
216;1.2030075187969924
217;1.200750469043152
218;1.1962616822429906
219;1.191806331471136
220;1.1962616822429906
cloud 28
215;1.2161520190023754
216;1.199063231850117
217;1.204705882352941
218;1.1824480369515011
219;1.1879350348027842
220;1.1689497716894977
221;1.130242825607064
222;1.1154684095860568
223;1.1106290672451193
224;1.1203501094091903
225;1.1277533039647578
226;1.1154684095860568
227;1.1082251082251082
228;1.0940170940170941
229;1.0893617021276596
230;1.1203501094091903
231;1.1130434782608696
232;1.091684434968017
233;1.0940170940170941
234;1.0778947368421052
235;1.0756302521008403
236;1.0824524312896406
237;1.0847457627118644
238;1.1082251082251082
239;1.1106290672451193
240;1.1010752688172043
241;1.0940170940170941
242;1.091684434968017
243;1.0847457627118644
244;1.0847457627118644
245;1.032258064516129
cloud 29
215;2.680628272251309
216;2.6391752577319587
217;2.680628272251309
218;2.694736842105263
219;2.708994708994709
220;2.723404255319149
221;2.3486238532110093
222;2.3486238532110093
223;2.3378995433789953
224;2.3378995433789953
225;1.9922178988326849
226;1.9922178988326849
227;2.0
228;2.007843137254902
229;2.007843137254902
230;2.015748031496063
231;2.015748031496063
232;2.015748031496063
233;2.0317460317460316
234;2.039840637450199
235;2.039840637450199
236;2.048
237;2.039840637450199
238;2.048
239;2.039840637450199
240;2.039840637450199
241;2.0237154150197627
242;2.0237154150197627
243;2.015748031496063
244;2.007843137254902
cloud 30
215;2.4150943396226414
216;2.403755868544601
217;2.392523364485981
218;2.3703703703703702
219;2.3486238532110093
220;2.295964125560538
221;2.327272727272727
222;2.316742081447964
223;2.2555066079295156
224;2.206896551724138
225;1.8754578754578755
226;1.8091872791519434
227;1.7414965986394557
228;1.6842105263157894
229;1.6357827476038338
230;1.6
231;1.5515151515151515
232;1.5192878338278932
233;1.4797687861271676
234;1.4504249291784703
235;1.4222222222222223
236;1.3989071038251366
237;1.3837837837837839
238;1.3763440860215055
239;1.3617021276595744
240;1.3403141361256545
241;1.3298701298701299
242;1.3195876288659794
243;1.322997416020672
244;1.3161953727506426
cloud 31
221;1.5664335664335665
222;1.5109612141652613
223;1.4736842105263157
224;1.4313099041533546
225;1.4065934065934067
226;1.391304347826087
227;1.3848531684698608
228;1.3869969040247678
229;1.3869969040247678
230;1.3555219364599091
231;1.353474320241692
232;1.3555219364599091
233;1.3596358118361154
234;1.3637747336377473
235;1.3617021276595744
236;1.3658536585365855
237;1.36793893129771
238;1.3333333333333333
239;1.3254437869822486
240;1.3254437869822486
241;1.3254437869822486
242;1.3195876288659794
243;1.3195876288659794
244;1.3176470588235294
245;1.270921985815603
246;1.1820580474934037
247;1.1773981603153745
248;1.1773981603153745
249;1.1727748691099475
250;1.1636363636363636
cloud 32
221;1.2125805229253506
222;1.20800302000755
223;1.2016522718738265
224;1.195814648729447
225;1.1904761904761905
226;1.1838697743248243
227;1.1803762449280708
228;1.1747430249632893
229;1.1725906925613778
230;1.1674571324334184
231;1.1640596580574754
232;1.1598405219282348
233;1.1564871702204553
234;1.1519078473722102
235;1.150251617541337
236;1.146953405017921
237;1.145311381531854
238;1.1404133998574484
239;1.1363636363636365
240;1.135154310039021
241;1.132342533616419
242;1.1315417256011315
243;1.128747795414462
244;1.1271574498062698
245;1.1134307585247043
246;1.111883252258513
247;1.1103400416377516
248;1.107649705780547
249;1.1049723756906078
250;1.1038289065194895
cloud 33
225;2.752688172043011
226;2.8131868131868134
227;2.8603351955307263
228;2.8926553672316384
229;2.8926553672316384
230;2.909090909090909
231;2.909090909090909
232;2.909090909090909
233;2.909090909090909
234;2.909090909090909
235;2.9257142857142857
236;2.909090909090909
237;2.8926553672316384
238;2.8603351955307263
239;2.8444444444444446
240;2.8131868131868134
241;2.8131868131868134
242;2.782608695652174
243;2.752688172043011
244;2.723404255319149
245;2.4854368932038833
246;2.3378995433789953
247;2.1512605042016806
248;1.946768060836502
249;1.735593220338983
250;1.528358208955224
251;1.3653333333333333
252;1.2641975308641975
253;1.1962616822429906
254;1.1228070175438596
cloud 34
245;2.085539714867617
246;2.0686868686868687
247;2.064516129032258
248;2.0728744939271255
249;2.077079107505071
250;2.085539714867617
251;2.4556354916067145
252;2.3703703703703702
253;2.34324942791762
254;2.29082774049217
255;1.9284369114877589
256;1.8788990825688074
257;1.8156028368794326
258;1.7594501718213058
259;1.7095158597662772
260;1.6463022508038585
261;1.5875968992248062
262;1.532934131736527
263;1.4755043227665705
264;1.4143646408839778
265;1.3726541554959786
266;1.322997416020672
267;1.2848180677540777
268;1.245742092457421
269;1.2175980975029725
270;1.18931475029036
271;1.159682899207248
272;1.1377777777777778
273;1.1191256830601093
274;1.0940170940170941
275;1.0790305584826132
cloud 35
246;5.333333333333333
247;3.3684210526315788
248;2.6666666666666665
249;2.2857142857142856
250;2.064516129032258
251;1.4545454545454546
252;1.4545454545454546
253;1.5609756097560976
254;1.7297297297297298
255;2.3703703703703702
256;2.782608695652174
257;3.0476190476190474
258;3.5555555555555554
259;4.0
260;4.923076923076923
261;4.923076923076923
262;5.333333333333333
263;7.111111111111111
264;8.0
265;10.666666666666666
266;9.142857142857142
267;10.666666666666666
268;16.0
269;16.0
270;32.0
271;32.0
272;64.0
273;64.0
cloud 36
246;1.391304347826087
247;1.3333333333333333
248;1.3333333333333333
249;1.3333333333333333
250;1.28
251;1.391304347826087
252;1.641025641025641
253;1.8285714285714285
254;2.3703703703703702
255;7.111111111111111
256;5.818181818181818
257;5.818181818181818
258;4.923076923076923
259;5.333333333333333
260;3.2
261;2.782608695652174
262;2.6666666666666665
263;2.2857142857142856
264;2.3703703703703702
265;2.3703703703703702
266;2.1333333333333333
267;2.1333333333333333
268;2.206896551724138
269;2.2857142857142856
270;2.2857142857142856
271;2.3703703703703702
272;2.56
273;2.56
274;2.782608695652174
275;2.56
276;2.56
277;1.7777777777777777
278;1.6
279;1.4883720930232558
280;1.4545454545454546
281;1.391304347826087
282;1.3333333333333333
283;1.3061224489795917
284;1.28
cloud 37
246;1.391304347826087
247;1.2549019607843137
248;1.1851851851851851
249;1.1851851851851851
250;1.103448275862069
251;1.103448275862069
252;1.0666666666666667
253;1.0158730158730158
254;1.0847457627118644
255;1.0491803278688525
256;1.103448275862069
257;1.1428571428571428
258;1.2549019607843137
259;1.2307692307692308
260;1.3333333333333333
261;1.4545454545454546
262;1.391304347826087
263;1.4883720930232558
264;1.4883720930232558
265;1.5238095238095237
266;1.4545454545454546
267;1.5609756097560976
268;1.4545454545454546
269;1.4883720930232558
270;1.391304347826087
271;1.4222222222222223
272;1.3061224489795917
273;1.3333333333333333
274;1.28
275;1.28
276;1.2307692307692308
277;1.0666666666666667
278;0.9552238805970149
279;0.9846153846153847
280;0.9411764705882353
281;0.9411764705882353
282;0.9552238805970149
283;0.927536231884058
284;0.9411764705882353
285;0.8533333333333334
286;0.810126582278481
287;0.810126582278481
288;0.810126582278481
289;0.8205128205128205
290;0.7529411764705882
291;0.7529411764705882
292;0.7710843373493976
293;0.7619047619047619
294;0.7804878048780488
295;0.7710843373493976
296;0.7619047619047619
297;0.7901234567901234
298;0.7710843373493976
299;0.7804878048780488
300;0.7804878048780488
301;0.8
302;0.7710843373493976
303;0.7804878048780488
304;0.7901234567901234
305;0.7804878048780488
306;0.8
307;0.8205128205128205
308;0.8311688311688312
309;0.8533333333333334
310;0.8648648648648649
311;0.8205128205128205
312;0.8205128205128205
313;0.8311688311688312
314;0.8311688311688312
315;0.8421052631578947
316;0.8311688311688312
317;0.8533333333333334
318;0.8421052631578947
319;0.8421052631578947
320;0.8767123287671232
321;0.9014084507042254
322;0.927536231884058
323;0.8888888888888888
324;0.8888888888888888
325;0.8767123287671232
326;0.8767123287671232
327;0.8888888888888888
328;0.9014084507042254
329;0.8888888888888888
330;0.9014084507042254
331;0.8888888888888888
332;0.9142857142857143
333;0.927536231884058
334;0.927536231884058
335;0.927536231884058
336;0.9142857142857143
337;0.927536231884058
338;0.9552238805970149
339;0.9552238805970149
340;0.9411764705882353
341;0.927536231884058
342;0.9411764705882353
343;0.9411764705882353
344;0.9552238805970149
345;0.9411764705882353
346;0.9552238805970149
347;0.9552238805970149
348;0.9696969696969697
349;0.927536231884058
350;0.9552238805970149
351;0.9552238805970149
352;0.9411764705882353
353;0.9696969696969697
354;0.9846153846153847
355;0.9696969696969697
356;0.9696969696969697
357;0.9411764705882353
358;0.9552238805970149
359;0.9846153846153847
360;0.9846153846153847
361;0.9846153846153847
362;1.0
363;0.9846153846153847
364;0.9552238805970149
365;0.9696969696969697
366;1.0
367;0.9846153846153847
368;1.0
369;0.9846153846153847
370;0.9846153846153847
371;0.9696969696969697
372;0.9696969696969697
373;1.0
374;0.9846153846153847
375;0.9846153846153847
376;1.0
377;1.032258064516129
378;0.9846153846153847
379;0.9552238805970149
380;0.9696969696969697
381;1.0
382;0.9846153846153847
383;1.0
384;1.0
385;1.0
386;0.9846153846153847
387;0.9411764705882353
388;1.0
389;0.9846153846153847
390;0.9846153846153847
391;1.0
392;1.032258064516129
393;0.9846153846153847
394;0.9552238805970149
395;0.9696969696969697
396;1.0
397;1.0
398;1.0
399;1.0
400;1.0158730158730158
401;1.0
402;1.0
403;1.0
404;0.9846153846153847
405;0.9846153846153847
406;1.0
407;1.032258064516129
408;0.9846153846153847
409;0.9696969696969697
410;0.9696969696969697
411;1.0
412;1.0
413;1.0
cloud 38
246;1.4222222222222223
247;1.3617021276595744
248;1.2549019607843137
249;1.1428571428571428
250;1.0847457627118644
251;1.0666666666666667
252;1.103448275862069
253;1.032258064516129
254;1.0
255;1.0158730158730158
256;1.0
257;0.9696969696969697
258;0.9696969696969697
259;1.0
260;0.9696969696969697
261;0.9552238805970149
262;1.0158730158730158
263;1.0847457627118644
264;1.1428571428571428
265;1.2307692307692308
266;1.3061224489795917
267;1.3333333333333333
268;1.391304347826087
269;1.3617021276595744
270;1.391304347826087
271;1.3617021276595744
272;1.3333333333333333
273;1.4883720930232558
274;1.641025641025641
275;1.8285714285714285
276;2.1333333333333333
277;2.56
278;2.909090909090909
279;2.56
280;2.6666666666666665
281;2.206896551724138
282;1.9393939393939394
283;1.641025641025641
284;1.4545454545454546
cloud 39
246;1.4545454545454546
247;1.391304347826087
248;1.4222222222222223
249;1.4222222222222223
250;1.4222222222222223
251;1.4545454545454546
252;1.3333333333333333
253;1.391304347826087
254;1.3617021276595744
255;1.28
256;1.3061224489795917
257;1.28
258;1.2307692307692308
259;1.2075471698113207
260;1.2075471698113207
261;1.2075471698113207
262;1.2075471698113207
263;1.1636363636363636
264;1.1636363636363636
265;1.1636363636363636
266;1.2075471698113207
267;1.2307692307692308
268;1.2549019607843137
269;1.2549019607843137
270;1.391304347826087
271;1.4545454545454546
272;1.5238095238095237
273;1.641025641025641
274;1.6842105263157894
275;2.064516129032258
276;2.2857142857142856
cloud 40
246;4.923076923076923
247;3.5555555555555554
248;2.4615384615384617
249;2.1333333333333333
250;1.9393939393939394
251;1.3617021276595744
252;1.391304347826087
253;1.3333333333333333
254;1.3333333333333333
255;1.3333333333333333
256;1.2549019607843137
257;1.2549019607843137
258;1.2307692307692308
259;1.1636363636363636
260;1.1636363636363636
261;1.103448275862069
262;1.1228070175438596
263;1.1228070175438596
264;1.1636363636363636
265;1.1851851851851851
266;1.1851851851851851
267;1.2549019607843137
268;1.2549019607843137
269;1.3333333333333333
270;1.3061224489795917
271;1.391304347826087
272;1.4545454545454546
273;1.4545454545454546
274;1.6
275;1.7297297297297298
276;1.7777777777777777
277;1.7297297297297298
278;1.7297297297297298
279;1.7297297297297298
280;1.7777777777777777
281;1.7297297297297298
282;1.6842105263157894
283;1.641025641025641
284;1.7297297297297298
285;1.641025641025641
286;1.641025641025641
287;1.641025641025641
288;1.641025641025641
289;1.7297297297297298
290;1.7297297297297298
291;1.7297297297297298
292;1.7297297297297298
293;1.6842105263157894
294;1.7297297297297298
295;1.7297297297297298
296;1.8285714285714285
297;1.8285714285714285
298;1.8285714285714285
299;1.8823529411764706
300;1.8285714285714285
301;1.7777777777777777
302;1.8285714285714285
303;1.8823529411764706
304;1.9393939393939394
305;1.8823529411764706
306;1.8285714285714285
cloud 41
246;1.5058823529411764
247;1.471264367816092
248;1.391304347826087
249;1.3195876288659794
250;1.3061224489795917
251;1.1531531531531531
252;1.1531531531531531
253;1.103448275862069
254;1.0847457627118644
255;1.0847457627118644
256;1.103448275862069
257;1.1327433628318584
258;1.1743119266055047
259;1.1962616822429906
260;1.2190476190476192
261;1.3061224489795917
262;1.3333333333333333
263;1.3473684210526315
264;1.3763440860215055
265;1.4065934065934067
266;1.471264367816092
267;1.5058823529411764
268;1.5609756097560976
269;1.5802469135802468
270;1.620253164556962
271;1.641025641025641
272;1.6842105263157894
273;1.855072463768116
274;1.8028169014084507
275;1.8285714285714285
276;1.8823529411764706
cloud 42
251;1.3411918795022921
252;1.3315994798439532
253;1.3153500321130378
254;1.301557038449317
255;1.2896725440806045
256;1.2788011239463004
257;1.2641975308641975
258;1.251451267949893
259;1.2389594676346039
260;1.2252467843254562
261;1.2100443131462333
262;1.1952144733002625
263;1.1834729846865069
264;1.1736389684813753
265;1.1573890929641142
266;1.1431761094055262
267;1.1305547888490202
268;1.1194315386717681
269;1.1061301647312989
270;1.094894413258487
271;1.0827385672746497
272;1.0722513089005237
273;1.060865060865061
274;1.048911651728553
275;1.0385395537525355
276;0.9888942539835828
277;0.9808429118773946
278;0.9743101807802094
279;0.9678638941398866
280;0.9615023474178404
281;0.9552238805970149
282;0.9488070419272643
283;0.943778801843318
284;0.9383734249713631
285;0.931544234705481
286;0.927116342236306
287;0.9227303446722235
288;0.9185916124691635
289;0.914898369443824
290;0.9118432769367765
291;0.9090102086107412
292;0.9055936325447712
293;0.9024014100022031
294;0.9010118785745711
295;0.8998242530755711
296;0.8966725043782837
297;0.8943231441048035
298;0.8925691871867509
299;0.8921803528642998
300;0.8908220965637234
301;0.891597736177623
302;0.8917918571739604
303;0.8917918571739604
304;0.893542757417103
305;0.8949093292549705
306;0.895692105838618
cloud 43
255;1.3665480427046264
256;1.3568904593639577
257;1.3310225303292895
258;1.328719723183391
259;1.2972972972972974
260;1.2907563025210085
261;1.271523178807947
262;1.271523178807947
263;1.2610837438423645
264;1.2467532467532467
265;1.2367149758454106
266;1.2268370607028753
267;1.2132701421800949
268;1.2018779342723005
269;1.177914110429448
270;1.1671732522796352
271;1.1601208459214503
272;1.13946587537092
273;1.1277533039647578
274;1.1244509516837482
275;1.106628242074928
276;0.8402625820568927
277;0.8467475192943771
278;0.8523862375138734
279;0.8571428571428571
280;0.8619528619528619
281;0.8677966101694915
282;0.8757126567844926
283;0.8807339449541285
284;0.8899188876013905
cloud 44
276;21.333333333333332
277;7.111111111111111
278;4.413793103448276
279;3.2
280;2.4615384615384617
281;2.206896551724138
282;2.064516129032258
283;2.0
284;1.9393939393939394
285;1.9104477611940298
286;1.855072463768116
287;1.8028169014084507
288;1.7534246575342465
289;1.7534246575342465
290;1.7066666666666668
291;1.7297297297297298
292;1.7066666666666668
293;1.6623376623376624
294;1.620253164556962
295;1.5802469135802468
296;1.5609756097560976
297;1.5238095238095237
298;1.4883720930232558
299;1.4545454545454546
300;1.4222222222222223
301;1.4065934065934067
302;1.3763440860215055
303;1.3473684210526315
304;1.3061224489795917
305;1.28
306;1.2427184466019416
cloud 45
276;1.2673267326732673
277;1.4545454545454546
278;1.5058823529411764
279;1.6623376623376624
280;1.8285714285714285
281;2.0
282;2.1333333333333333
283;2.169491525423729
284;2.206896551724138
285;2.169491525423729
286;2.098360655737705
287;2.064516129032258
288;2.098360655737705
289;2.064516129032258
290;1.9692307692307693
291;1.9393939393939394
292;1.8823529411764706
293;1.9104477611940298
294;1.8285714285714285
295;1.8028169014084507
296;1.7534246575342465
297;1.7534246575342465
298;1.7066666666666668
299;1.6623376623376624
300;1.6623376623376624
301;1.620253164556962
302;1.5238095238095237
303;1.5238095238095237
304;1.4883720930232558
305;1.4545454545454546
306;1.4065934065934067
cloud 46
276;1.4065934065934067
277;1.3763440860215055
278;1.3763440860215055
279;1.292929292929293
280;1.2427184466019416
281;1.2190476190476192
282;1.1851851851851851
283;1.1531531531531531
284;1.1531531531531531
285;1.0940170940170941
286;1.1130434782608696
287;1.1130434782608696
288;1.1130434782608696
289;1.103448275862069
290;1.103448275862069
291;1.1130434782608696
292;1.1327433628318584
293;1.103448275862069
294;1.1130434782608696
295;1.103448275862069
296;1.1327433628318584
297;1.1327433628318584
298;1.1327433628318584
299;1.1327433628318584
300;1.1327433628318584
301;1.1531531531531531
302;1.1743119266055047
303;1.1743119266055047
304;1.1962616822429906
305;1.1851851851851851
306;1.1851851851851851
cloud 47
276;42.666666666666664
277;42.666666666666664
278;42.666666666666664
279;64.0
280;64.0
281;64.0
282;42.666666666666664
283;42.666666666666664
284;32.0
285;11.636363636363637
286;9.142857142857142
287;9.846153846153847
288;9.846153846153847
289;9.846153846153847
290;9.846153846153847
291;10.666666666666666
292;10.666666666666666
293;11.636363636363637
294;11.636363636363637
295;10.666666666666666
296;10.666666666666666
297;10.666666666666666
298;9.142857142857142
299;9.142857142857142
300;9.142857142857142
301;9.142857142857142
302;9.142857142857142
303;8.533333333333333
304;8.533333333333333
305;8.533333333333333
306;8.533333333333333
307;2.1333333333333333
308;2.064516129032258
309;1.9393939393939394
310;1.8285714285714285
311;1.7777777777777777
312;1.7534246575342465
313;1.641025641025641
314;1.620253164556962
cloud 48
276;1.7777777777777777
277;1.6
278;1.471264367816092
279;1.3617021276595744
280;1.3061224489795917
281;1.3195876288659794
282;1.3617021276595744
283;1.3195876288659794
284;1.3333333333333333
285;1.2075471698113207
286;1.2427184466019416
287;1.2075471698113207
288;1.1428571428571428
289;1.1130434782608696
290;1.0756302521008403
291;1.0847457627118644
292;1.0756302521008403
293;1.0940170940170941
294;1.1130434782608696
295;1.0756302521008403
296;1.0756302521008403
297;1.0940170940170941
298;1.103448275862069
299;1.0847457627118644
300;1.103448275862069
301;1.103448275862069
302;1.1130434782608696
303;1.0940170940170941
304;1.0940170940170941
305;1.0847457627118644
306;1.1130434782608696
307;0.8951048951048951
308;0.9078014184397163
309;0.9014084507042254
310;0.9343065693430657
311;0.920863309352518
312;0.9142857142857143
313;0.9411764705882353
314;0.9552238805970149
315;1.0158730158730158
316;1.024
317;1.032258064516129
318;1.0406504065040652
319;1.0578512396694215
320;1.0578512396694215
321;1.0491803278688525
322;1.0578512396694215
323;1.0491803278688525
324;1.0666666666666667
325;1.0666666666666667
326;1.0756302521008403
327;1.0847457627118644
328;1.103448275862069
329;1.103448275862069
330;1.103448275862069
331;1.1130434782608696
332;1.1130434782608696
333;1.1130434782608696
334;1.0940170940170941
335;1.0940170940170941
336;1.0847457627118644
337;1.2673267326732673
338;1.2427184466019416
cloud 50
276;1.641025641025641
277;1.5421686746987953
278;1.471264367816092
279;1.4463276836158192
280;1.4143646408839778
281;1.391304347826087
282;1.3544973544973544
283;1.3617021276595744
284;1.3264248704663213
285;1.2549019607843137
286;1.248780487804878
287;1.2248803827751196
288;1.2132701421800949
289;1.1962616822429906
290;1.1962616822429906
291;1.1689497716894977
292;1.1531531531531531
293;1.158371040723982
294;1.1428571428571428
295;1.158371040723982
296;1.1428571428571428
297;1.147982062780269
298;1.158371040723982
299;1.147982062780269
300;1.147982062780269
301;1.1377777777777778
302;1.158371040723982
303;1.147982062780269
304;1.1327433628318584
305;1.1130434782608696
306;1.1277533039647578
cloud 51
277;2.4
278;2.3132530120481927
279;2.2588235294117647
280;2.157303370786517
281;2.10989010989011
282;2.0210526315789474
283;2.0
284;1.8640776699029127
285;1.6551724137931034
286;1.6271186440677967
287;1.5867768595041323
288;1.5737704918032787
289;1.5238095238095237
290;1.4883720930232558
291;1.465648854961832
292;1.443609022556391
293;1.411764705882353
294;1.391304347826087
295;1.3714285714285714
296;1.3333333333333333
297;1.3150684931506849
298;1.3061224489795917
299;1.2885906040268456
300;1.28
301;1.2549019607843137
302;1.2467532467532467
303;1.2229299363057324
304;1.2229299363057324
305;1.2151898734177216
306;1.2075471698113207
cloud 49
280;64.0
281;10.666666666666666
282;5.565217391304348
283;3.878787878787879
284;3.1219512195121952
285;2.8444444444444446
286;2.6122448979591835
287;2.4150943396226414
288;2.245614035087719
289;2.098360655737705
290;2.0317460317460316
291;1.9393939393939394
292;1.855072463768116
293;1.7066666666666668
294;1.4883720930232558
295;1.4545454545454546
296;1.4222222222222223
297;1.3473684210526315
298;1.3333333333333333
299;1.3333333333333333
300;1.3195876288659794
301;1.2673267326732673
302;1.1851851851851851
303;1.1428571428571428
304;1.1743119266055047
305;1.2075471698113207
306;1.1962616822429906
cloud 52
285;1.0598726114649681
286;1.0585241730279897
287;1.0612244897959184
288;1.0612244897959184
289;1.0639386189258313
290;1.0625798212005109
291;1.0612244897959184
292;1.0612244897959184
293;1.0598726114649681
294;1.0585241730279897
295;1.0625798212005109
296;1.0639386189258313
297;1.0585241730279897
298;1.0598726114649681
299;1.0598726114649681
300;1.0585241730279897
301;1.0612244897959184
302;1.0571791613722998
303;1.0571791613722998
304;1.0518331226295827
305;1.0544993662864386
306;1.0491803278688525
307;1.0221130221130221
308;1.0246305418719213
309;1.0246305418719213
310;1.0271604938271606
311;1.0284301606922126
312;1.0284301606922126
313;1.0297029702970297
314;1.032258064516129
cloud 53
285;1.6623376623376624
286;1.6
287;1.5238095238095237
288;1.5058823529411764
289;1.4545454545454546
290;1.4222222222222223
291;1.3617021276595744
292;1.3333333333333333
293;1.3195876288659794
294;1.2549019607843137
295;1.2549019607843137
296;1.2307692307692308
297;1.1962616822429906
298;1.1851851851851851
299;1.1743119266055047
300;1.1327433628318584
301;1.1327433628318584
302;1.1228070175438596
303;1.1228070175438596
304;1.0940170940170941
305;1.0847457627118644
306;1.0847457627118644
307;1.024
308;1.0158730158730158
309;1.024
310;1.024
311;1.024
312;1.024
313;1.024
314;1.024
315;1.0158730158730158
316;1.0158730158730158
317;1.0078740157480315
318;1.024
319;1.024
320;1.024
321;1.024
322;1.024
323;1.024
324;1.024
325;1.024
326;1.0158730158730158
327;1.0158730158730158
328;1.0078740157480315
329;1.0158730158730158
330;1.0158730158730158
331;1.024
332;1.024
333;1.024
334;1.024
335;1.024
336;1.024
337;1.032258064516129
338;1.032258064516129
339;0.9624060150375939
340;0.9696969696969697
341;0.9624060150375939
342;0.9770992366412213
343;0.9696969696969697
344;0.9770992366412213
345;0.8590604026845637
346;0.8366013071895425
347;0.8311688311688312
348;0.8258064516129032
349;0.8205128205128205
350;0.8152866242038217
351;0.8258064516129032
352;0.8152866242038217
353;0.8152866242038217
354;0.8
355;0.8050314465408805
356;0.8205128205128205
357;0.8258064516129032
358;0.8366013071895425
359;0.8421052631578947
360;0.847682119205298
361;0.847682119205298
362;0.847682119205298
363;0.847682119205298
364;0.8533333333333334
365;0.8590604026845637
366;0.8707482993197279
367;0.8827586206896552
368;0.8888888888888888
369;0.9078014184397163
370;0.9078014184397163
371;0.9078014184397163
372;0.9078014184397163
373;0.9014084507042254
374;0.9078014184397163
375;1.7066666666666668
376;1.3763440860215055
377;1.1851851851851851
378;1.1130434782608696
379;1.0491803278688525
380;1.0
381;1.0078740157480315
382;0.9552238805970149
383;0.927536231884058
384;0.927536231884058
385;0.9411764705882353
386;0.9343065693430657
387;0.920863309352518
388;0.9014084507042254
389;0.8951048951048951
390;0.9014084507042254
391;0.9014084507042254
392;0.9014084507042254
393;0.9014084507042254
394;0.9014084507042254
395;0.9014084507042254
396;0.9014084507042254
397;0.9014084507042254
398;0.9014084507042254
399;0.9014084507042254
400;0.9078014184397163
401;0.9142857142857143
402;0.9142857142857143
403;0.9142857142857143
404;0.9142857142857143
405;0.8888888888888888
406;0.8951048951048951
407;0.9142857142857143
408;0.9343065693430657
409;0.9343065693430657
410;0.9343065693430657
411;0.9411764705882353
412;0.9411764705882353
413;0.9343065693430657
cloud 54
307;1.7181208053691275
308;1.7066666666666668
309;1.695364238410596
310;1.6842105263157894
311;1.673202614379085
312;1.6623376623376624
313;1.6516129032258065
314;1.6516129032258065
315;1.7534246575342465
316;1.7297297297297298
317;1.7414965986394557
318;1.7297297297297298
319;1.7181208053691275
320;1.7066666666666668
321;1.695364238410596
322;1.6842105263157894
323;1.6842105263157894
324;1.673202614379085
325;1.6516129032258065
326;1.641025641025641
327;1.610062893081761
328;1.5515151515151515
329;1.4797687861271676
330;1.4301675977653632
331;1.3544973544973544
332;1.2864321608040201
333;1.2549019607843137
334;1.1851851851851851
335;1.1428571428571428
336;1.0756302521008403
337;0.7975077881619937
338;0.7852760736196319
339;0.7757575757575758
340;0.7551622418879056
341;0.7441860465116279
342;0.7272727272727273
343;0.7150837988826816
344;0.713091922005571
cloud 55
307;1.6
308;1.5900621118012421
309;1.5705521472392638
310;1.532934131736527
311;1.5238095238095237
312;1.514792899408284
313;1.4628571428571429
314;1.4382022471910112
315;1.5609756097560976
316;1.5515151515151515
317;1.532934131736527
318;1.514792899408284
319;1.4797687861271676
320;1.4545454545454546
321;1.4463276836158192
322;1.4222222222222223
323;1.4065934065934067
324;1.391304347826087
325;1.3763440860215055
326;1.3544973544973544
327;1.3333333333333333
328;1.3128205128205128
329;1.28
330;1.2307692307692308
331;1.2018779342723005
332;1.158371040723982
333;1.1228070175438596
334;1.0847457627118644
335;1.0448979591836736
336;1.0118577075098814
337;0.9770992366412213
338;0.9343065693430657
cloud 56
307;1.0026109660574412
308;1.0018975332068312
309;1.0026109660574412
310;1.002849002849003
311;1.0026109660574412
312;1.001659947830211
313;1.000947867298578
314;1.0004737091425864
315;1.000947867298578
316;1.0002367984844898
317;1.0004737091425864
318;1.000947867298578
319;1.001659947830211
320;1.002849002849003
321;1.0030871526953218
322;1.0023730422401518
323;1.0026109660574412
324;1.002135231316726
325;1.002135231316726
326;1.001659947830211
327;1.000947867298578
328;1.0004737091425864
329;1.000947867298578
330;1.000947867298578
331;1.000947867298578
332;1.0011851149561508
333;1.0018975332068312
334;1.002135231316726
335;1.0007107320540156
336;1.0018975332068312
cloud 57
307;1.2757475083056478
308;1.2549019607843137
309;1.2549019607843137
310;1.2467532467532467
311;1.2427184466019416
312;1.234726688102894
313;1.2467532467532467
314;1.2427184466019416
315;1.2427184466019416
316;1.238709677419355
317;1.238709677419355
318;1.2268370607028753
319;1.2268370607028753
320;1.2113564668769716
321;1.1925465838509317
322;1.1851851851851851
323;1.1671732522796352
324;1.1497005988023952
325;1.136094674556213
326;1.1260997067448681
327;1.1098265895953756
328;1.106628242074928
329;1.1002865329512894
330;1.103448275862069
331;1.0971428571428572
332;1.103448275862069
333;1.0909090909090908
334;1.0816901408450703
335;1.0756302521008403
336;1.0637119113573408
cloud 58
315;1.0822998872604284
316;1.079865016872891
317;1.0774410774410774
318;1.079865016872891
319;1.0762331838565022
320;1.0774410774410774
321;1.0762331838565022
322;1.0750279955207167
323;1.0750279955207167
324;1.0726256983240223
325;1.0666666666666667
326;1.067853170189099
327;1.065482796892342
328;1.06430155210643
329;1.06430155210643
330;1.0619469026548674
331;1.0607734806629834
332;1.0572687224669604
333;1.0537870472008781
334;1.0503282275711159
335;1.0446137105549511
336;1.0412147505422993
337;1.024546424759872
338;1.023454157782516
339;1.019108280254777
340;1.0169491525423728
341;1.0094637223974763
342;1.0062893081761006
343;1.0062893081761006
344;1.00418410041841
cloud 59
337;0.9995661605206074
338;0.999783033195921
339;0.9995661605206074
340;0.9984832069339111
341;0.9989161066551051
342;0.9995661605206074
343;0.9989161066551051
344;0.9989161066551051
345;1.0015214083894806
346;1.0006514657980456
347;1.0002170609941394
348;1.0010862480990659
349;1.0
350;1.000868809730669
351;1.0010862480990659
352;1.0017391304347827
353;1.0010862480990659
354;1.0015214083894806
355;1.000868809730669
356;1.0006514657980456
357;1.0002170609941394
358;1.0006514657980456
359;1.0
360;1.0
361;0.999783033195921
362;0.9995661605206074
363;0.9995661605206074
364;1.0002170609941394
365;0.999783033195921
366;0.9995661605206074
367;0.999783033195921
368;0.9995661605206074
369;0.999783033195921
370;1.000868809730669
371;1.0004342162396873
372;1.0002170609941394
373;1.0002170609941394
374;1.0
375;1.0085357846355876
376;1.0094194961664842
377;1.0087565674255692
378;1.0080945088602056
379;1.0074333187581985
380;1.006993006993007
381;1.0067729954118418
382;1.005893909626719
383;1.0052356020942408
384;1.004359197907585
385;1.0037028969723372
386;1.0023928649118992
387;1.0026109660574412
388;1.0032658393207055
389;1.0037028969723372
390;1.004797208896642
391;1.004359197907585
392;1.0041403355850949
393;1.0037028969723372
394;1.003921568627451
395;1.0037028969723372
396;1.003921568627451
397;1.0052356020942408
398;1.0054549421776129
399;1.0054549421776129
400;1.0050163576881135
401;1.0045781556572924
402;1.004359197907585
403;1.0037028969723372
404;1.003921568627451
cloud 60
339;1.292929292929293
340;1.250814332247557
341;1.234726688102894
342;1.2037617554858935
343;1.1743119266055047
344;1.1601208459214503
345;1.0666666666666667
346;1.0607734806629834
347;1.054945054945055
348;1.0406504065040652
349;1.029490616621984
350;1.0267379679144386
351;1.0212765957446808
352;1.0212765957446808
353;1.0185676392572944
354;1.0158730158730158
355;1.0105263157894737
356;1.0
357;1.0078740157480315
358;1.0052356020942408
359;1.0052356020942408
360;1.0026109660574412
361;1.0
362;0.9948186528497409
363;0.9922480620155039
364;0.9922480620155039
365;0.9896907216494846
366;0.9896907216494846
367;0.9820971867007673
368;0.9820971867007673
369;0.987146529562982
370;0.9922480620155039
371;0.9922480620155039
372;0.9896907216494846
373;0.9846153846153847
374;0.9820971867007673
cloud 61
345;1.0252951096121417
346;1.024431339511373
347;1.022708158116064
348;1.022708158116064
349;1.0235690235690236
350;1.018425460636516
351;1.0175732217573221
352;1.018425460636516
353;1.019279128248114
354;1.0167224080267558
355;1.015025041736227
356;1.0133333333333334
357;1.0108063175394846
358;1.0091286307053942
359;1.0082918739635158
360;1.0057899090157154
361;1.004128819157721
362;1.0066225165562914
363;1.0057899090157154
364;1.0066225165562914
365;1.004128819157721
366;1.0033003300330032
367;1.0066225165562914
368;1.0057899090157154
369;1.0099667774086378
370;1.0033003300330032
371;1.0024732069249793
372;0.9991783073130649
373;0.9991783073130649
374;0.9983579638752053
cloud 62
375;1.0478061558611658
376;1.0464355788096795
377;1.0450685826257349
378;1.0443864229765014
379;1.0416666666666667
380;1.0403120936280885
381;1.0396361273554255
382;1.0362694300518134
383;1.0362694300518134
384;1.0362694300518134
385;1.0362694300518134
386;1.0335917312661498
387;1.03026400515132
388;1.0282776349614395
389;1.0262989095574087
390;1.0256410256410255
391;1.0223642172523961
392;1.021059349074665
393;1.0204081632653061
394;1.0184595798854232
395;1.0171646535282899
396;1.014584654407102
397;1.015228426395939
398;1.0139416983523448
399;1.0139416983523448
400;1.014584654407102
401;1.0139416983523448
402;1.015228426395939
403;1.0178117048346056
404;1.0171646535282899
cloud 63
405;1.0001611084259707
406;1.0001611084259707
407;0.9995169859925938
408;0.9995169859925938
409;0.9995169859925938
410;0.9993560849967804
411;0.9996779388083736
412;0.9996779388083736
413;1.0
