cloud 0
1;1.021059349074665
2;1.0141023609570592
3;1.0075566750629723
4;1.0018785222291797
5;0.9976617303195635
6;0.9970400373890014
7;0.9968847352024922
8;0.9979728676126618
9;0.9981285090455396
10;0.9979728676126618
11;0.9970400373890014
12;0.9976617303195635
13;0.9978172747115684
14;0.9978172747115684
15;0.9981285090455396
16;0.9976617303195635
17;0.9984399375975039
18;0.9982841990329122
19;0.9987515605493134
20;1.0018785222291797
21;1.005656819610308
22;1.0112182019276348
23;1.0171646535282899
24;1.0233450591621363
25;1.0292698616918623
26;1.0347615198059823
27;1.0391297288520864
28;1.0443864229765014
29;1.0498687664041995
30;1.0555830446973447
31;1.0601292032466456
cloud 1
32;1.5746924428822495
33;1.5886524822695036
34;1.5719298245614035
35;1.5609756097560976
36;1.5664335664335665
37;1.5474956822107082
38;1.5238095238095237
39;1.5186440677966102
40;1.5008375209380234
41;1.4688524590163934
42;1.4569105691056912
43;1.4382022471910112
44;1.4428341384863124
45;1.4043887147335423
46;1.3784615384615384
47;1.343328335832084
48;1.3195876288659794
49;1.289208633093525
50;1.2549019607843137
51;1.2307692307692308
52;1.2043010752688172
53;1.1758530183727034
54;1.1561290322580646
55;1.1270440251572327
56;1.1061728395061727
57;1.0795180722891566
58;1.061611374407583
59;1.0504103165298946
60;1.0275229357798166
61;1.014722536806342
62;1.0078740157480315
63;0.9911504424778761
64;0.9846153846153847
65;0.9803063457330415
66;0.9696969696969697
67;0.9624060150375939
68;0.9613733905579399
69;0.9562433297758804
70;0.9461457233368532
71;0.9411764705882353
72;0.9343065693430657
73;0.9284974093264249
74;0.9265770423991727
75;0.9256198347107438
76;0.9152196118488254
77;0.9078014184397163
78;0.9059656218402427
79;0.8995983935742972
80;0.8977955911823647
81;0.896
82;0.8924302788844621
83;0.8906560636182903
84;0.88800792864222
85;0.8853754940711462
86;0.8827586206896552
87;0.8827586206896552
88;0.8810226155358899
89;0.8810226155358899
90;0.8792934249263984
91;0.8792934249263984
92;0.8801571709233792
cloud 2
32;1.4065934065934067
33;1.3700305810397553
34;1.337313432835821
35;1.341317365269461
36;1.315712187958884
37;1.2947976878612717
38;1.2910662824207493
39;1.2763532763532763
40;1.260196905766526
41;1.2496513249651324
42;1.2444444444444445
43;1.225718194254446
44;1.2190476190476192
45;1.212449255751015
46;1.2010723860589811
47;1.1883289124668435
48;1.1820580474934037
49;1.1727748691099475
50;1.1561290322580646
51;1.1531531531531531
52;1.1399491094147582
53;1.118601747815231
54;1.1130434782608696
55;1.0993865030674848
56;1.088699878493317
57;1.0847457627118644
58;1.0692124105011933
59;1.070489844683393
60;1.055359246171967
61;1.0528789659224442
62;1.0442890442890442
cloud 3
32;1.4088050314465408
33;1.3742331288343559
34;1.3453453453453454
35;1.3254437869822486
36;1.289208633093525
37;1.270921985815603
38;1.2496513249651324
39;1.2427184466019416
40;1.2223738062755798
41;1.212449255751015
42;1.2026845637583892
43;1.1899070385126163
44;1.1836195508586527
45;1.1805006587615283
46;1.1727748691099475
47;1.1621271076523996
48;1.1516709511568124
49;1.147247119078105
50;1.1385006353240152
51;1.1298865069356874
52;1.118601747815231
53;1.1228070175438596
54;1.12
55;1.1214017521902377
56;1.1144278606965174
57;1.1256281407035176
58;1.128463476070529
59;1.1341772151898735
60;1.1428571428571428
61;1.1591203104786545
62;1.1727748691099475
cloud 4
32;1.382716049382716
33;1.3555219364599091
34;1.3313521545319464
35;1.3061224489795917
36;1.285509325681492
37;1.260196905766526
38;1.2479108635097493
39;1.2307692307692308
40;1.2223738062755798
41;1.2157394843962008
42;1.2010723860589811
43;1.1962616822429906
44;1.1867549668874173
45;1.1867549668874173
46;1.1743119266055047
47;1.165149544863459
48;1.1621271076523996
49;1.1636363636363636
50;1.1561290322580646
51;1.1531531531531531
52;1.1399491094147582
53;1.1370558375634519
54;1.1270440251572327
55;1.128463476070529
56;1.1256281407035176
57;1.1256281407035176
58;1.1313131313131313
59;1.1428571428571428
60;1.1399491094147582
61;1.1399491094147582
62;1.144316730523627
cloud 5
32;1.413249211356467
33;1.3700305810397553
34;1.3493975903614457
35;1.3215339233038348
36;1.315712187958884
37;1.3004354136429608
38;1.2745376955903271
39;1.270921985815603
40;1.2673267326732673
41;1.2549019607843137
42;1.2584269662921348
43;1.2513966480446927
44;1.2461752433936022
45;1.2375690607734806
46;1.2375690607734806
47;1.225718194254446
48;1.2190476190476192
49;1.2157394843962008
50;1.2010723860589811
51;1.1978609625668448
52;1.1867549668874173
53;1.1743119266055047
54;1.1681877444589308
55;1.1636363636363636
56;1.145780051150895
57;1.1298865069356874
58;1.1130434782608696
59;1.0980392156862746
60;1.0900243309002433
61;1.0834340991535671
62;1.0641330166270784
63;1.193075898801598
64;1.1836195508586527
65;1.1758530183727034
66;1.1727748691099475
67;1.165149544863459
68;1.1501925545571245
69;1.1516709511568124
70;1.144316730523627
71;1.1399491094147582
72;1.1385006353240152
73;1.124215809284818
74;1.1172069825436408
75;1.1048088779284833
76;1.0926829268292684
77;1.0808202653799759
78;1.0756302521008403
79;1.051643192488263
80;1.0442890442890442
81;1.0334486735870818
82;1.020501138952164
83;1.009009009009009
84;0.9988851727982163
85;0.9900552486187846
86;0.9760348583877996
87;0.9634408602150538
88;0.9572649572649573
89;0.9421661409043113
90;0.9382198952879581
91;0.9343065693430657
92;0.920863309352518
93;0.9142857142857143
94;0.9023162134944612
95;0.8977955911823647
96;0.8924302788844621
97;0.8845014807502468
98;0.8827586206896552
99;0.8767123287671232
100;0.8707482993197279
101;0.8673765730880929
102;0.8648648648648649
103;0.8574162679425837
104;0.8582375478927203
105;0.8525214081826832
106;0.8452830188679246
107;0.8492890995260663
108;0.8468809073724007
109;0.8436911487758946
110;0.8436911487758946
111;0.8413145539906103
112;0.8428974600188147
113;0.8413145539906103
114;0.8397375820056232
115;0.8389513108614233
116;0.8421052631578947
117;0.8428974600188147
118;0.8413145539906103
119;0.8421052631578947
120;0.8452830188679246
cloud 6
32;1.6173285198555956
33;1.6592592592592592
34;1.7066666666666668
35;1.746588693957115
36;1.792
37;1.824847250509165
38;1.8512396694214877
39;1.8512396694214877
40;1.855072463768116
41;1.8744769874476988
42;1.8666666666666667
43;1.8436213991769548
44;1.8360655737704918
45;1.7955911823647295
46;1.7603143418467584
47;1.7131931166347993
48;1.6592592592592592
49;1.6086175942549372
50;1.5448275862068965
51;1.4859038142620231
52;1.4382022471910112
53;1.382716049382716
54;1.3215339233038348
55;1.2763532763532763
56;1.2392807745504841
57;1.2075471698113207
58;1.1727748691099475
59;1.1399491094147582
60;1.118601747815231
61;1.0847457627118644
62;1.065398335315101
cloud 7
32;1.9393939393939394
33;1.9176029962546817
34;1.8858195211786373
35;1.8188277087033748
36;1.7474402730375427
37;1.7210084033613446
38;1.678688524590164
39;1.620253164556962
40;1.5729646697388633
41;1.5306427503736921
42;1.4733812949640288
43;1.4382022471910112
44;1.3856562922868743
45;1.363515312916112
46;1.3385620915032679
47;1.3298701298701299
48;1.3281452658884565
49;1.322997416020672
50;1.3385620915032679
51;1.3403141361256545
52;1.3580901856763925
53;1.3726541554959786
54;1.3969986357435198
55;1.4085281980742779
56;1.4124137931034482
57;1.4182825484764543
58;1.4104683195592287
59;1.3931972789115645
60;1.3856562922868743
61;1.3509234828496042
62;1.3247089262613196
63;1.3368146214099217
64;1.292929292929293
65;1.2549019607843137
66;1.2147093712930013
67;1.1810841983852365
68;1.1518560179977504
69;1.1228070175438596
70;1.1010752688172043
71;1.080168776371308
72;1.0502564102564103
73;1.024
74;1.0088669950738915
75;0.9912875121006777
76;0.9706161137440759
77;0.9570093457943926
78;0.9420423183072677
79;0.9233543733092876
80;0.9094138543516874
81;0.8927637314734089
82;0.8812392426850258
83;0.8707482993197279
84;0.8569037656903765
85;0.8490878938640133
86;0.8298217179902755
87;0.8224899598393575
88;0.8133439237490071
89;0.807570977917981
90;0.8050314465408805
91;0.8018794048551292
92;0.7962674961119751
93;0.7751703255109765
94;0.7751703255109765
95;0.7739984882842026
96;0.7705041384499624
97;0.7751703255109765
98;0.7722473604826546
99;0.7728301886792452
100;0.7751703255109765
101;0.7757575757575758
102;0.7775246772968869
103;0.7798933739527799
104;0.7781155015197568
105;0.7804878048780488
106;0.7751703255109765
107;0.7822765469824293
108;0.7804878048780488
109;0.7816793893129771
110;0.7864823348694316
111;0.7834736036725325
112;0.7876923076923077
113;0.7858787413660783
114;0.7864823348694316
115;0.7864823348694316
116;0.7876923076923077
117;0.7858787413660783
118;0.7858787413660783
119;0.7858787413660783
120;0.7846743295019157
121;0.7852760736196319
122;0.7798933739527799
123;0.7798933739527799
124;0.7792998477929984
125;0.7828746177370031
126;0.7804878048780488
127;0.7852760736196319
128;0.7889060092449923
129;0.7882986913010007
130;0.7919566898685229
131;0.7944142746314973
132;0.8012519561815337
133;0.800625488663018
134;0.8088467614533965
135;0.8120539254559873
136;0.8126984126984127
137;0.8211708099438653
138;0.8251410153102336
139;0.8278092158447857
140;0.8331977217249796
141;0.8359183673469388
142;0.8386568386568387
143;0.8455821635012386
144;0.8519134775374376
145;0.8554720133667502
146;0.8547579298831386
147;0.8612279226240538
148;0.8626790227464195
149;0.8663282571912013
150;0.8714893617021277
cloud 8
63;1.2575438596491229
64;1.2540237928621414
65;1.2461752433936022
66;1.2350103376981392
67;1.221540558963872
68;1.211629479377958
69;1.2026845637583892
70;1.1875414181577204
71;1.1712418300653595
72;1.1598705501618123
73;1.1501925545571245
74;1.1327433628318584
75;1.12
76;1.1095975232198143
77;1.0933496034167176
78;1.0827794561933535
79;1.0724117295032913
80;1.0578512396694215
81;1.0473407364114553
82;1.0394431554524362
83;1.0287026406429391
84;1.0210826210826212
85;1.0130016958733747
86;1.0152974504249292
87;1.0124293785310734
88;1.0130016958733747
89;1.0118577075098814
90;1.0118577075098814
91;1.0112866817155757
92;1.0101465614430665
cloud 9
63;1.8119312436804853
64;1.763779527559055
65;1.7197696737044146
66;1.6669767441860466
67;1.6158701532912534
68;1.5733099209833188
69;1.5277067348678601
70;1.4834437086092715
71;1.448666127728375
72;1.4010946051602815
73;1.360668185269552
74;1.3283914010378057
75;1.299492385786802
76;1.2691218130311614
77;1.2479108635097493
78;1.2273972602739727
79;1.2051109616677875
80;1.1851851851851851
81;1.1636363636363636
82;1.1465131158029431
83;1.129174543163201
84;1.1137352392790554
85;1.0966952264381884
86;1.0782190132370637
87;1.0635014836795251
88;1.0455075845974329
89;1.0376375217139548
90;1.0228310502283104
91;1.008441193021947
92;0.9977728285077951
93;0.9835345773874863
94;0.972327726532827
95;0.9603429796355841
96;0.9486500794070937
97;0.939203354297694
98;0.9304257528556594
99;0.9213367609254499
100;0.9124236252545825
101;0.9078014184397163
102;0.8973460190285428
103;0.8933200398803589
104;0.8862512363996043
105;0.8853754940711462
106;0.8801571709233792
107;0.8732943469785575
108;0.8690591658583899
109;0.8657004830917875
110;0.8631984585741811
111;0.8598848368522073
112;0.8565965583173997
113;0.8549618320610687
114;0.8541468064823642
115;0.8504983388704319
116;0.8488867835149219
117;0.8488867835149219
118;0.8464808691544639
119;0.8448844884488449
120;0.8452830188679246
cloud 10
93;1.1223382045929018
94;1.115815691158157
95;1.1061728395061727
96;1.0984879444217408
97;1.0909090909090908
98;1.0795180722891566
99;1.073482428115016
100;1.0645544554455446
101;1.0570192685804167
102;1.05
103;1.0430733410942956
104;1.0386398763523956
105;1.0334486735870818
106;1.0267379679144386
107;1.0208887200911507
108;1.0174110522331568
109;1.0124293785310734
110;1.006741573033708
111;1.0029850746268656
112;0.9992565055762082
113;0.9962935507783544
114;0.9922480620155039
115;0.9893264630106735
116;0.9875091844232182
117;0.9860601614086574
118;0.9846153846153847
119;0.9828153564899451
120;0.979948960991615
121;0.9781659388646288
122;0.9778101127682793
123;0.9767441860465116
124;0.9774545454545455
125;0.9767441860465116
126;0.9770992366412213
127;0.9756805807622505
128;0.9756805807622505
129;0.9763893933890302
130;0.9763893933890302
131;0.9760348583877996
132;0.9778101127682793
133;0.9785220240262104
134;0.9795918367346939
135;0.9795918367346939
136;0.9806639912440716
137;0.981021897810219
138;0.9824561403508771
139;0.9824561403508771
140;0.9824561403508771
141;0.9846153846153847
142;0.9846153846153847
143;0.9846153846153847
144;0.9864220183486239
145;0.9849761817515573
146;0.9846153846153847
147;0.9856985698569857
148;0.9864220183486239
149;0.9885987495402722
150;0.9882352941176471
cloud 11
121;1.0007446016381236
122;1.0014903129657229
123;1.0011173184357542
124;0.9996281145407214
125;1.0014903129657229
126;1.0014903129657229
127;0.9992565055762082
128;0.9996281145407214
129;0.9981433345711103
130;0.9959244164505372
131;0.9981433345711103
132;0.9985141158989599
133;1.0011173184357542
134;1.0007446016381236
135;1.0014903129657229
136;1.0003721622627466
137;1.0007446016381236
138;1.0007446016381236
139;1.0011173184357542
140;1.0007446016381236
141;1.0014903129657229
142;1.0018635855385762
143;1.0
144;1.0003721622627466
145;1.0003721622627466
146;1.0003721622627466
147;1.0
148;1.0011173184357542
149;1.0
150;0.9996281145407214
151;0.9977728285077951
152;0.996662958843159
153;0.9948186528497409
154;0.9981433345711103
155;0.9985141158989599
156;1.0007446016381236
157;1.0007446016381236
158;1.0007446016381236
159;1.0
160;1.0007446016381236
161;1.0007446016381236
162;1.0
163;1.0007446016381236
164;1.0014903129657229
165;0.9996281145407214
166;1.0011173184357542
167;1.0003721622627466
168;1.0007446016381236
169;1.0014903129657229
170;1.0
171;1.0003721622627466
172;1.0003721622627466
173;0.9996281145407214
174;1.0007446016381236
175;1.0
176;1.0
177;0.9996281145407214
178;0.9996281145407214
179;0.9992565055762082
180;1.0
181;1.0003721622627466
182;1.0003721622627466
183;0.9981433345711103
184;0.996662958843159
185;0.9948186528497409
186;0.996662958843159
187;0.9985141158989599
188;1.0007446016381236
189;1.0014903129657229
190;1.0007446016381236
191;1.0003721622627466
192;1.0007446016381236
193;1.0014903129657229
194;1.0
195;1.0007446016381236
196;1.0018635855385762
197;1.0014903129657229
198;0.9996281145407214
199;1.0003721622627466
200;1.0014903129657229
201;0.9996281145407214
202;0.9996281145407214
203;1.0018635855385762
204;1.0011173184357542
205;1.0003721622627466
206;0.9988851727982163
207;0.9988851727982163
208;0.996662958843159
209;0.9988851727982163
210;1.0007446016381236
211;1.0007446016381236
212;1.0018635855385762
213;1.0022371364653244
214;1.0003721622627466
215;1.0
216;0.9988851727982163
217;0.9992565055762082
218;1.0007446016381236
219;1.0003721622627466
220;1.0003721622627466
221;1.0011173184357542
222;1.0011173184357542
223;1.0011173184357542
224;1.0007446016381236
225;0.9992565055762082
226;0.9996281145407214
227;0.9992565055762082
228;1.0003721622627466
229;1.0
230;1.0003721622627466
231;1.0
232;1.0007446016381236
233;1.0
234;1.0003721622627466
235;0.9996281145407214
236;1.0007446016381236
237;0.9992565055762082
238;0.9988851727982163
239;0.9951869677897075
240;0.9944506104328524
241;0.9977728285077951
242;0.9996281145407214
243;1.0011173184357542
244;1.0003721622627466
245;0.9992565055762082
246;1.0011173184357542
247;1.0014903129657229
248;1.0014903129657229
249;1.0003721622627466
250;1.0011173184357542
251;1.0014903129657229
252;0.9996281145407214
253;0.9992565055762082
254;1.0
255;1.0014903129657229
256;0.9992565055762082
257;1.0007446016381236
258;1.0018635855385762
259;1.0007446016381236
260;1.0
261;0.9985141158989599
262;0.9988851727982163
263;0.9970326409495549
264;0.9996281145407214
265;1.0014903129657229
266;1.0014903129657229
267;1.0022371364653244
268;1.0011173184357542
269;1.0003721622627466
270;0.9992565055762082
271;0.9985141158989599
272;0.9985141158989599
cloud 12
151;1.0005390835579515
152;1.0008088433540039
153;1.0008088433540039
154;1.0008088433540039
155;1.0008088433540039
156;1.0021598272138228
157;1.0010787486515642
158;1.0
159;0.9983862291554599
160;0.9981177735950524
161;0.9978494623655914
162;0.9989235737351991
163;1.0002694691457827
164;0.9997306760032318
165;0.999192462987887
166;0.999192462987887
167;0.9994614970382337
168;1.0
169;1.0010787486515642
170;1.001889338731444
171;1.001889338731444
172;1.001889338731444
173;1.0008088433540039
174;1.0008088433540039
175;1.0010787486515642
176;1.0008088433540039
177;1.0
178;0.999192462987887
179;0.999192462987887
180;0.9989235737351991
181;0.9981177735950524
182;0.9983862291554599
183;0.9997306760032318
184;1.0008088433540039
185;1.0008088433540039
186;1.0005390835579515
187;0.9994614970382337
188;1.0002694691457827
189;0.999192462987887
190;0.9975812953507122
191;0.9986548291633037
192;0.9981177735950524
193;0.9975812953507122
194;0.9983862291554599
195;0.999192462987887
196;0.9986548291633037
197;1.0010787486515642
198;1.001618996222342
199;1.0021598272138228
200;1.0005390835579515
201;1.0005390835579515
202;1.001889338731444
203;1.001348799568384
204;1.001618996222342
205;1.0002694691457827
206;0.9994614970382337
207;0.999192462987887
208;0.9986548291633037
209;0.9989235737351991
210;0.999192462987887
211;0.9994614970382337
212;1.0
213;1.0008088433540039
214;1.0002694691457827
215;0.9994614970382337
216;1.0
217;0.9994614970382337
218;0.9997306760032318
219;0.999192462987887
220;0.9986548291633037
221;0.9986548291633037
222;0.9989235737351991
223;0.9994614970382337
224;1.0
225;1.0021598272138228
226;1.001348799568384
227;1.001889338731444
228;1.0005390835579515
229;1.0
230;1.0021598272138228
231;1.001348799568384
232;1.0005390835579515
233;0.999192462987887
234;0.999192462987887
235;0.9983862291554599
236;0.9975812953507122
237;0.9981177735950524
238;0.9994614970382337
239;0.9986548291633037
240;0.999192462987887
241;1.0002694691457827
242;0.9997306760032318
243;1.0010787486515642
244;1.0010787486515642
245;1.0008088433540039
246;1.0
247;0.9983862291554599
248;0.9986548291633037
249;0.999192462987887
250;0.9994614970382337
251;0.9997306760032318
252;1.0008088433540039
253;1.001348799568384
254;1.001889338731444
255;1.001618996222342
256;1.0021598272138228
257;1.0024304617877398
258;1.0021598272138228
259;1.001348799568384
260;1.0010787486515642
261;0.9989235737351991
262;0.9983862291554599
263;0.9989235737351991
264;0.9978494623655914
265;0.9986548291633037
266;0.9997306760032318
267;0.9983862291554599
268;0.9981177735950524
269;0.999192462987887
270;0.999192462987887
271;1.0010787486515642
272;1.0010787486515642
cloud 13
273;1.0004689698296076
274;1.0007818608287724
275;1.0001562744178778
276;1.0001562744178778
277;1.000312597686777
278;0.999687597625742
279;0.9998437744102484
