
2;0,1299999999999999
3;0,13000384609695195
4;0,1299999999999999
5;0,13000000000000078
6;0,1299999999999999
7;0,1299999999999999
8;0,1299999999999999
9;0,13000384609695192
10;0,1299999999999999
11;0,1299999999999999
12;0,1299999999999999
13;0,13000000000000078
14;0,1299999999999999
15;0,1299999999999999
16;0,1299999999999999
17;0,1299999999999999
18;0,1299999999999999
19;0,1299999999999999
20;0,1299999999999999
21;0,13000384609695287
22;0,1299999999999999
23;0,1299999999999999
24;0,129999999999999
25;0,13000384609695287
26;0,13000384609695284
27;0,1300153837051591
28;0,13003461077728576
29;0,130034610777284
30;0,13003461077728568
31;0,1300615239031119

33;0,1296186714945025
34;0,1297112177107297
35;0,13064838307457075
36;0,12986531484580593
37;0,12984991336154114
38;0,1297998459167036
39;0,13035720156554373
40;0,1298499133615416
41;0,1296186714945041
42;0,13043005788544315
43;0,13020752666416718
44;0,1296186714945041
45;0,13043005788544315
46;0,12952991932368332
47;0,13035720156554517
48;0,12984991336154114
49;0,1296533840669042
50;0,13036103712382802
51;0,12976902558006623
52;0,1305986217385168
53;0,12969194269498743
54;0,12976902558006634
55;0,13026895255585666
56;0,12999999999999956
57;0,13017296186228514
58;0,12909686285886368
59;0,13029965464267268
60;0,12997307413460837
61;0,1299884610263524
62;0,13036103712382852
63;0,1296533840669036
64;0,13064838307457163
65;0,12980754985747173
66;0,12954149914216745
67;0,13024976007655334
68;0,12975746606650426
69;0,13004999038831222
70;0,13004999038831047
71;0,13061393493804563
72;0,1294372434811586
73;0,1298768647604336
74;0,13069812546474974
75;0,1292594290564524
76;0,13011533345459453
77;0,12975746606650196
78;0,1307516730294517
79;0,12955693729013293
80;0,13024592124132198
81;0,13018832512940537
82;0,13009611831257584
83;0,130034610777284
84;0,129015502944415
85;0,13001538370515905
86;0,13000384609695462
87;0,13001538370515905
88;0,130034610777284
89;0,130034610777284
90;0,13013838787998208
91;0,13013838787997853
92;0,13018832512940517

33;0,1298653148458044
34;0,1301768028490485
35;0,12976902558006792
36;0,130249760076553
37;0,1301768028490485
38;0,12949517365523777
39;0,12949517365523777
40;0,13036103712382624
41;0,13000000000000136
42;0,13017296186228478
43;0,13051053597315446
44;0,12954149914216695
45;0,13008458786497426
46;0,13008458786497235
47;0,1297998459167041
48;0,13009611831257667
49;0,13009611831257722
50;0,13009611831257667
51;0,12952991932368332
52;0,13009611831257722
53;0,13035720156554517
54;0,12952991932368133
55;0,13008458786497426
56;0,1300961183125787
57;0,129541499142165
58;0,13092364186807548
59;0,12932130528261943
60;0,13017296186228328
61;0,13000000000000136
62;0,1298653148458044

33;0,13078226179417446
34;0,12924395537122754
35;0,13003461077728545
36;0,1299730741346064
37;0,13029197979921917
38;0,1300807441553124
39;0,13000000000000034
40;0,12999999999999945
41;0,12975746606650512
42;0,13023056476879727
43;0,13004999038831297
44;0,1300499903883119
45;0,12987686476043186
46;0,13023056476879794
47;0,1300499903883119
48;0,1298768647604336
49;0,12955307792561377
50;0,13054118124178235
51;0,12925942905645194
52;0,13061393493804635
53;0,1298768647604336
54;0,1298768647604336
55;0,12983836104942262
56;0,12999999999999945
57;0,13029197979921892
58;0,13038404810405266
59;0,129468142799687
60;0,12976902558006792
61;0,13069812546475035
62;0,1298499133615416

33;0,12924395537122754
34;0,12969194269498785
35;0,13060245020672448
36;0,12940247292845622
37;0,13104197800705003
38;0,12907362240210046
39;0,13096946208945026
40;0,12907362240210124
41;0,1304185569618056
42;0,1296341004520036
43;0,130049990388311
44;0,1303917175283784
45;0,1303917175283761
46;0,12940247292845722
47;0,1303917175283761
48;0,1298691649314798
49;0,1296533840669029
50;0,13055267136294155
51;0,1292594290564524
52;0,1298691649314798
53;0,13011533345459275
54;0,13061393493804563
55;0,12952219886953886
56;0,13041855696180646
57;0,12975746606650426
58;0,12998846102635409
59;0,13058713566044616
60;0,12924782396620907
61;0,13024976007655456
62;0,1301768028490485

33;0,1301768028490485
34;0,12971121771072808
35;0,13059862173851516
36;0,13024976007655628
37;0,12971121771072808
38;0,12976902558006634
39;0,13024976007655456
40;0,1296533840669027
41;0,13069812546475185
42;0,1292478239662097
43;0,1298499133615416
44;0,13080137613954984
45;0,1298075498574719
46;0,1298345100502943
47;0,13038404810405124
48;0,12949517365523816
49;0,12944883158993858
50;0,13081666560496064
51;0,13013838787997772
52;0,12940247292845797
53;0,1296341004520015
54;0,13038404810405507
55;0,12972663566130105
56;0,13048371545905596
57;0,1303840481040524
58;0,12963410045200416
59;0,13023056476879716
60;0,12949517365523688
61;0,13011533345459278
62;0,13010764773832423
63;0,13010764773832548
64;0,13010764773832423
65;0,1294024729284567
66;0,1308166656049594
67;0,12944883158993864
68;0,13013838787998028
69;0,12949517365523688
70;0,13090836489697583
71;0,12949517365523688
72;0,12955693729013498
73;0,13096946208945087
74;0,12955693729013618
75;0,13029965464267435
76;0,12955693729013498
77;0,13017680284904778
78;0,12949517365523566
79;0,13017680284904778
80;0,13013838787998028
81;0,13011533345459278
82;0,13010764773832673
83;0,13011533345459153
84;0,130138387879979
85;0,13023056476879838
86;0,12972663566130238
87;0,1298345100502943
88;0,1299576854210618
89;0,13024976007655442
90;0,13000000000000114
91;0,12940247292845652
92;0,13043005788544315
93;0,1298499133615416
94;0,13008458786497426
95;0,13017296186228328
96;0,13000000000000136
97;0,13036103712382777
98;0,12929423807733956
99;0,13014222988715096
100;0,12969194269498902
101;0,13026895255585666
102;0,13038788287260467
103;0,1292439553712264
104;0,1307402003975825
105;0,12969194269498666
106;0,1302919797992217
107;0,1299884610263524
108;0,1296919426949867
109;0,12980754985747173
110;0,12975746606650557
111;0,13026895255585544
112;0,12983836104942398
113;0,13041855696180682
114;0,13023056476879794
115;0,12987686476043392
116;0,12940247292845694
117;0,130115333454591
118;0,1305411812417841
119;0,12975746606650196
120;0,12965338406690505

33;0,12965338406690305
34;0,12980754985747234
35;0,13018832512940484
36;0,12999999999999956
37;0,12984991336154367
38;0,13017680284904787
39;0,1303840481040524
40;0,13000000000000184
41;0,1300845878649718
42;0,12954149914216842
43;0,1300845878649718
44;0,13008458786497576
45;0,13035720156554123
46;0,12903487900564037
47;0,13060245020672334
48;0,1300961183125794
49;0,12972663566129988
50;0,13023056476879838
51;0,13010764773832423
52;0,12944883158993858
53;0,13029965464267304
54;0,13059862173851555
55;0,12946814279968683
56;0,129999999999999
57;0,1298499133615416
58;0,1306330739131572
59;0,12984991336154267
60;0,12999999999999956
61;0,12937542270462424
62;0,1301768028490485

33;0,13001538370515905
34;0,13001538370516083
35;0,1300961183125776
36;0,130034610777284
37;0,13000384609695287
38;0,130034610777284
39;0,13000384609695284
40;0,13001538370515905
41;0,13000384609695287
42;0,1300153837051609
43;0,13000384609695106
44;0,13003461077728576
45;0,13000384609695106
46;0,13000384609695284
47;0,13000384609695106
48;0,13000384609695287
49;0,129999999999999
50;0,12900387591076612
51;0,130034610777284
52;0,1301383878799803
53;0,12401612798341873
54;0,09932270636667138
55;0,0794040301244218
56;0,06378871373526909
57;0,051788029504896416
58;0,043011626335211224
59;0,03668787265568925
60;0,03413209633175044
61;0,03889730067755577
62;0,04220189569201773
63;0,05323532661682539
64;0,04804164859785555
65;0,04318564576338113
66;0,03920459156782321
67;0,03224903099319439
68;0,031575306807692424
69;0,024083189157585554
70;0,014317821063277971
71;0,006000000000000227
72;0,012206555615731886
73;0,014142135623730397
74;0,009433981132057213
75;0,008544003745318409
76;0,014764823060234
77;0,01802775637731951
78;0,022472205054244583
79;0,024698178070456628
80;0,025806975801127414
81;0,02408318915758629
82;0,021400934559031127
83;0,018439088914585577
84;0,01345362404707378
85;0,12980754985747173
86;0,12963410045200185
87;0,13069812546475296
88;0,12965338406690133
89;0,13009611831257945
90;0,13001538370515908
91;0,13031116606031778
92;0,12986916493148157
93;0,12971121771072872
94;0,1298383610494205
95;0,1302497600765555
96;0,13029197979921778
97;0,12944883158993603
98;0,13038788287260536
99;0,13014607178090412
100;0,12971121771072733
101;0,1300000000000011
102;0,1300845878649718
103;0,1296186714945041
104;0,1304185569618079
105;0,1299576854210616
106;0,12955693729013498
107;0,13011533345459278
108;0,13013838787998028
109;0,1302996546426754
110;0,1298345100502943
111;0,13024976007655442
112;0,13020752666416718
113;0,1292749008895393
114;0,13008458786497235
115;0,13017296186228514
116;0,13036103712382802
117;0,13024976007655456
118;0,1292516924453996
119;0,13061393493804474
120;0,12976902558006784
121;0,1294681427996856
122;0,13054501139453636
123;0,12980754985747234
124;0,12969194269498785
125;0,12997307413460837
126;0,13094273557551728
127;0,12940247292845639
128;0,12998846102635409
129;0,1300807441553134
130;0,1300807441553124
131;0,12954149914216745
132;0,13024976007655334
133;0,13024976007655423
134;0,13024976007655595
135;0,12928263611173715
136;0,13000000000000117
137;0,1307287267588875
138;0,12975746606650515
139;0,13026895255585544
140;0,12929423807734164
141;0,13026895255585544
142;0,13004999038831047
143;0,12963410045200185
144;0,1308166656049606
145;0,1294372434811586
146;0,13023056476879727
147;0,13023056476879794
148;0,1298768647604336
149;0,13018832512940517
150;0,12924782396620968

64;0,13014222988714932
65;0,12971121771072971
66;0,12969194269498743
67;0,13058713566044616
68;0,13014607178090334
69;0,12971121771072808
70;0,12976902558006634
71;0,13038788287260605
72;0,12999999999999817
73;0,1296186714945055
74;0,13038404810405266
75;0,13029965464267268
76;0,12965338406690305
77;0,1296919426949884
78;0,13024976007655334
79;0,13000000000000117
80;0,13026895255585544
81;0,1296341004520043
82;0,13023056476879727
83;0,1300499903883119
84;0,12971121771072872
85;0,13054118124178235
86;0,12955307792561324
87;0,13024976007655412
88;0,13011533345459275
89;0,1292594290564524
90;0,13011533345459453
91;0,1298691649314798
92;0,13086252328302309

64;0,1301768028490485
65;0,13064838307457075
66;0,1288254633215034
67;0,1310610544746223
68;0,12971121771072971
69;0,12971121771072808
70;0,13014222988715096
71;0,13014222988714932
72;0,12969194269498902
73;0,12971121771072808
74;0,13061393493804627
75;0,13018832512940648
76;0,12935609765295242
77;0,1298653148458044
78;0,13038788287260303
79;0,1300000000000012
80;0,1296186714945025
81;0,12980754985747234
82;0,1307402003975825
83;0,13038404810405266
84;0,12935609765295145
85;0,1299730741346067
86;0,12998846102635409
87;0,1296919426949884
88;0,1300807441553134
89;0,1305067048086028
90;0,12975746606650426
91;0,1304952106400845
92;0,12983836104942262
93;0,1294372434811544
94;0,1300499903883119
95;0,13086252328302567
96;0,1294024729284567
97;0,130115333454591
98;0,12998846102635572
99;0,12965338406690505
100;0,13046455457326225
101;0,12938701635017089
102;0,1302459212413222
103;0,13009611831257584
104;0,13009611831257584
105;0,13003461077728753
106;0,129999999999999
107;0,129999999999999
108;0,1300038460969511
109;0,13006152390311534
110;0,1300615239031119
111;0,13009611831257584
112;0,13009611831257584
113;0,12924782396620993
114;0,13024592124131845
115;0,13024592124132198
116;0,1303111660603179
117;0,12946814279968769
118;0,1303840481040521
119;0,12946814279968416
120;0,1305526713629433

94;0,12986916493147804
95;0,1296533840669047
96;0,13046455457326256
97;0,12938701635017444
98;0,1303840481040521
99;0,13024592124132198
100;0,13018832512940537
101;0,12909686285886043
102;0,1300961183125794
103;0,1300615239031119
104;0,13001538370515905
105;0,1300153837051626
106;0,129999999999999
107;0,129999999999999
108;0,13000384609695106
109;0,1300153837051626
110;0,1300615239031119
111;0,1300615239031119
112;0,1300961183125794
113;0,1300615239031119
114;0,13013838787997853
115;0,13018832512940517
116;0,13013838787998208
117;0,12924782396620615
118;0,1302459212413222
119;0,13018832512940517
120;0,13024592124131845
121;0,12924782396620993
122;0,13024592124131845
123;0,13024592124131845
124;0,13031116606032145
125;0,12924782396620615
126;0,1302459212413222
127;0,13031116606031765
128;0,13024592124131867
129;0,1291897828777505
130;0,13024592124131867
131;0,13024592124131845
132;0,13024592124132198
133;0,12924782396620615
134;0,13024592124131867
135;0,1303111660603212
136;0,12931357237351163
137;0,13031116606032145
138;0,1303111660603179
139;0,1303111660603179
140;0,12924782396620968
141;0,13024592124131867
142;0,13031116606031765
143;0,1302459212413222
144;0,12924782396620615
145;0,13024592124132198
146;0,13024592124131845
147;0,13024592124131867
148;0,12924782396620968
149;0,13024592124131845
150;0,1303111660603179

122;0,12955693729013648
123;0,13055267136293977
124;0,12946814279968769
125;0,13055267136293977
126;0,12946814279968769
127;0,13046455457326256
128;0,12946814279968769
129;0,13055267136293977
130;0,12955693729013293
131;0,13046455457326578
132;0,12955693729013293
133;0,13046455457326578
134;0,12955693729013293
135;0,13046455457326578
136;0,12946814279968416
137;0,13055267136293977
138;0,1293870163501747
139;0,13055267136293977
140;0,12955693729013615
141;0,13046455457326256
142;0,12946814279968769
143;0,13055267136293977
144;0,12946814279968769
145;0,13055267136293977
146;0,12955693729013648
147;0,13055267136293977
148;0,12946814279968769
149;0,13046455457326225
150;0,12946814279968769
151;0,13046455457326225
152;0,12946814279968447
153;0,13046455457326578
154;0,12955693729013293
155;0,1305526713629433
156;0,12946814279968416
157;0,1305526713629433
158;0,12946814279968416
159;0,13055267136293977
160;0,12946814279968769
161;0,13046455457326225
162;0,12955693729013648
163;0,13046455457326225
164;0,12955693729013648
165;0,13055267136293977
166;0,12946814279968769
167;0,13055267136293977
168;0,12955693729013648
169;0,12946814279968416
170;0,1305526713629433
171;0,13046455457326225
172;0,12946814279968447
173;0,13046455457326578
174;0,12955693729013293
175;0,13046455457326578
176;0,12955693729013293
177;0,12955693729013648
178;0,13055267136293944
179;0,12955693729013648
180;0,13046455457326256
181;0,12946814279968769
182;0,13046455457326225
183;0,12946814279968769
184;0,13055267136293977
185;0,12955693729013648
186;0,13046455457326225
187;0,12946814279968416
188;0,1305526713629433
189;0,12955693729013293
190;0,13046455457326578
191;0,12955693729013293
192;0,13046455457326578
193;0,12946814279968447
194;0,13055267136293944
195;0,12946814279968802
196;0,13055267136293977
197;0,12955693729013615
198;0,13046455457326256
199;0,12955693729013648
200;0,13055267136293944
201;0,12955693729013648
202;0,13046455457326225
203;0,12946814279968802
204;0,13046455457326225
205;0,12946814279968769
206;0,13055267136293977
207;0,12946814279968416
208;0,1305526713629433
209;0,12955693729013293
210;0,1305526713629433
211;0,12946814279968416
212;0,1305526713629433
213;0,12946814279968416
214;0,13055267136293977
215;0,12946814279968769
216;0,13046455457326225
217;0,12955693729013648
218;0,13046455457326256
219;0,1295569372901326
220;0,13046455457326608
221;0,1295569372901326
222;0,12955693729014003
223;0,130464554573259
224;0,1295569372901397
225;0,130464554573259
226;0,12946814279969124
227;0,1304645545732587
228;0,13046455457326578
229;0,12955693729013293
230;0,12955693729014003
231;0,13055267136293625
232;0,12955693729013293
233;0,13046455457326578
234;0,12955693729013293
235;0,13046455457326578
236;0,12946814279968416
237;0,13046455457326608
238;0,12946814279968416
239;0,1305526713629433
240;0,1295569372901326
241;0,13046455457326608
242;0,12946814279968416
243;0,1305526713629433
244;0,12946814279968416
245;0,1305526713629433
246;0,12946814279968416
247;0,13046455457326578
248;0,12955693729013293
249;0,13046455457326578
250;0,12955693729013293
251;0,13046455457326578
252;0,12955693729013293
253;0,1305526713629433
254;0,12946814279968416
255;0,1305526713629433
256;0,12946814279968447
257;0,13046455457326578
258;0,12955693729013293
259;0,1304645545732587
260;0,12946814279969124
261;0,1304645545732587
262;0,12946814279969124
263;0,13055267136293625
264;0,12955693729014003
265;0,13055267136293625
266;0,12955693729014003
267;0,1304645545732587
268;0,12946814279969124
269;0,13055267136293625
270;0,12946814279969154
271;0,1305526713629359
272;0,12946814279969154

152;0,12931357237351163
153;0,13031116606032145
154;0,13031116606031765
155;0,1303111660603179
156;0,12924782396620993
157;0,13031116606031765
158;0,13024592124131867
159;0,12931357237351518
160;0,1303111660603179
161;0,1303111660603212
162;0,12931357237351163
163;0,1302459212413222
164;0,13031116606031765
165;0,13024592124131867
166;0,12931357237351518
167;0,1303111660603179
168;0,13024592124131845
169;0,12931357237351518
170;0,13024592124131845
171;0,1303111660603179
172;0,13024592124132198
173;0,12931357237351163
174;0,13024592124132198
175;0,1303111660603179
176;0,13024592124131845
177;0,12931357237351518
178;0,13024592124131867
179;0,13031116606031765
180;0,12924782396620993
181;0,13024592124131845
182;0,13031116606032145
183;0,13024592124131845
184;0,12924782396620968
185;0,13024592124131867
186;0,13024592124131845
187;0,13024592124131845
188;0,1293870163501747
189;0,13024592124131845
190;0,13031116606032145
191;0,12924782396620615
192;0,1303111660603179
193;0,13024592124132198
194;0,1303111660603179
195;0,12931357237351518
196;0,13024592124131845
197;0,1303111660603179
198;0,12924782396620968
199;0,1303111660603179
200;0,13024592124131867
201;0,13024592124132198
202;0,12924782396620615
203;0,13031116606032145
204;0,1303111660603179
205;0,1303111660603179
206;0,12924782396620968
207;0,1303111660603179
208;0,1303111660603179
209;0,12924782396620968
210;0,1303111660603179
211;0,13024592124131845
212;0,13031116606032145
213;0,12924782396620615
214;0,13031116606032145
215;0,13024592124131867
216;0,12931357237351493
217;0,1303111660603179
218;0,13024592124131867
219;0,1303111660603179
220;0,12924782396620968
221;0,1303111660603179
222;0,13031116606032145
223;0,1293135723735114
224;0,13024592124131867
225;0,1303111660603179
226;0,13024592124132198
227;0,12938701635017089
228;0,13031116606032145
229;0,1302459212413222
230;0,12924782396620615
231;0,13024592124132198
232;0,13031116606031434
233;0,13031116606032145
234;0,12931357237351163
235;0,13024592124132198
236;0,13031116606031434
237;0,12924782396621323
238;0,1302459212413149
239;0,13031116606032145
240;0,1302459212413222
241;0,1293135723735114
242;0,1302459212413222
243;0,13031116606031434
244;0,12924782396621323
245;0,13031116606031434
246;0,13024592124132198
247;0,13031116606031434
248;0,12924782396621323
249;0,13031116606031434
250;0,13031116606032145
251;0,12931357237351163
252;0,13031116606032145
253;0,13024592124132198
254;0,13031116606031434
255;0,12931357237351873
256;0,13031116606031434
257;0,13031116606032145
258;0,12931357237351163
259;0,13024592124132198
260;0,13024592124132198
261;0,1302459212413149
262;0,12931357237351163
263;0,13031116606032145
264;0,13031116606032145
265;0,12924782396620615
266;0,13031116606032145
267;0,1302459212413149
268;0,13031116606032145
269;0,12924782396620638
270;0,13024592124132198
271;0,13031116606032145
272;0,12924782396620615

274;0,13000000000000256
275;0,13000000000000256
276;0,12999999999999545
277;0,13000384609695462
278;0,13000000000000256
279;0,12999999999999545
