
2;0,1299999999999999
3;0,1299999999999999
4;0,1299999999999999
5;0,13000000000000078
6;0,13000384609695195
7;0,1299999999999999
8;0,1299999999999999
9;0,1299999999999999
10;0,1299999999999999
11;0,1299999999999999
12;0,1299999999999999
13;0,13000000000000078
14;0,1299999999999999
15;0,1299999999999999
16;0,1299999999999999
17;0,1299999999999999
18;0,1299999999999999
19;0,1299999999999999
20;0,13000384609695192
21;0,13000000000000078
22;0,1299999999999999
23;0,1299999999999999
24;0,129999999999999
25;0,13000000000000078
26;0,13000000000000078
27;0,129999999999999
28;0,13000000000000078
29;0,129999999999999
30;0,13000000000000078
31;0,129999999999999
32;0,13000000000000078
33;0,129999999999999
34;0,13000000000000078
35;0,13000000000000078
36;0,129999999999999
37;0,13000000000000078
38;0,129999999999999
39;0,13000000000000078
40;0,129999999999999
41;0,13000384609695287
42;0,13000000000000078
43;0,129999999999999
44;0,13000000000000078
45;0,129999999999999
46;0,13000000000000078
47;0,129999999999999
48;0,13000384609695287
49;0,129999999999999
50;0,13000000000000078
51;0,13000000000000078
52;0,129999999999999
53;0,13000384609695284
54;0,129999999999999
55;0,13000000000000078
56;0,1300038460969511
57;0,13000000000000078
58;0,129999999999999
59;0,13000000000000078
60;0,13000000000000078
61;0,1300038460969511
62;0,13000384609695287
63;0,1300038460969511
64;0,13000000000000078
65;0,129999999999999
66;0,13000000000000078
67;0,13000000000000078
68;0,129999999999999
69;0,13000000000000078
70;0,129999999999999
71;0,13000384609695284
72;0,129999999999999
73;0,13000000000000078
74;0,129999999999999
75;0,13000000000000078
76;0,13000000000000078
77;0,129999999999999
78;0,13000000000000078
79;0,1300038460969511
80;0,13000000000000078
81;0,129999999999999
82;0,13000000000000078
83;0,129999999999999
84;0,13000000000000078
85;0,13000000000000078
86;0,1300038460969511
87;0,129999999999999
88;0,13000000000000256
89;0,13000384609695106
90;0,129999999999999
91;0,1300038460969511
92;0,13000384609695462
93;0,13000384609695106
94;0,1300038460969511
95;0,13000384609695462
96;0,13000384609695106
97;0,1300038460969511

99;0,12938701635017444
100;0,13013838787997853
101;0,13009611831257598
102;0,1300961183125794
103;0,1300615239031118
104;0,1300615239031119
105;0,13003461077728753
106;0,130034610777284
107;0,130034610777284
108;0,130034610777284
109;0,1300153837051626
110;0,1300038460969511
111;0,1300038460969511
112;0,13001538370515905
113;0,13000000000000256
114;0,13000384609695106
115;0,1300038460969511
116;0,13000000000000256
117;0,1300038460969511
118;0,129999999999999
119;0,129999999999999
120;0,13000000000000256
121;0,129999999999999
122;0,129999999999999
123;0,13000000000000256
124;0,1300038460969511
125;0,129999999999999
126;0,129999999999999
127;0,13000000000000256
128;0,129999999999999

99;0,1292516924454012
100;0,13014222988715096
101;0,13017680284904692
102;0,13014222988714932
103;0,13014222988715096
104;0,12971121771073127
105;0,13058713566044775
106;0,129294238077338
107;0,13017680284905006
108;0,12976902558006623
109;0,13051053597315293
110;0,12976902558006792
111;0,10245974819410758
112;0,08955445270895217
113;0,07291776189653511
114;0,06174139616173329
115;0,05220153254455359
116;0,04554119014694229
117;0,04123105625617616
118;0,03905124837953487
119;0,03765634076752412
120;0,03891015291668733
121;0,06260990336999596
122;0,050774009099144334
123;0,07463243262818069
124;0,07636753236814751
125;0,08769264507357413
126;0,10610372283760738
127;0,13023056476879838
128;0,12941792766073784
129;0,1308739851918638
130;0,129999999999999
131;0,12984991336154308
132;0,12984991336154114
133;0,1294951736552393
134;0,13024976007655145
135;0,13014222988715096
136;0,12976902558006945
137;0,13054501139453636
138;0,12969194269498785
139;0,12997307413460724
140;0,1296919426949867
141;0,13024976007655595
142;0,12975746606650515
143;0,1308166656049606
144;0,12924782396620685
145;0,12987686476043422
146;0,13024976007655237
147;0,12998846102635528
148;0,13064838307457075
149;0,12955693729013648
150;0,13038404810405183
151;0,12918978287775068
152;0,13013838787997853

99;0,1298653148458044
100;0,13038788287260303
101;0,13003461077728545
102;0,12969194269498666
103;0,13029965464267554
104;0,12940247292845536
105;0,12980754985747345
106;0,13050670480860108
107;0,12952219886953886
108;0,1304952106400836
109;0,1294372434811579
110;0,13061393493804563
111;0,13024976007655237
112;0,12912397143830426
113;0,12865846260545816
114;0,12106609764917901
115;0,11603878661895738
116;0,11621101496846131
117;0,11045361017187186
118;0,10670520137275485
119;0,11108555261599101
120;0,09843271813782134
121;0,109786155775673
122;0,11423659658795503
123;0,10977249200050289
124;0,10423531071570742
125;0,10470912090166494
126;0,10840664186294327
127;0,11628413477340764
128;0,10929318368498318
129;0,044944410108487265
130;0,040012498047484295
131;0,03785498646149849
132;0,03257299494980292
133;0,037121422386542036
134;0,04167733196834792
135;0,034885527085027734
136;0,03373425558686331
137;0,03080584360150016
138;0,030083217912981148
139;0,04237924020083316
140;0,04071854614300827
141;0,04382921400161964
142;0,04666904755831391
143;0,055172456896534446
144;0,06020797289395953
145;0,07140028011149878
146;0,06661080993352111
147;0,07877182237323063
148;0,07881624198095388
149;0,06488451279003325
150;0,05990826320300061
151;0,06216912416947824
152;0,059135437767891215

99;0,12969194269498666
100;0,13063307391315523
101;0,12934063553269132
102;0,1303610371238275
103;0,12952219886953714
104;0,13096946208945112
105;0,12983836104942015
106;0,13004999038831125
107;0,12906587465321964
108;0,1300499903883119
109;0,13086252328302156
110;0,12955307792561324
111;0,12998846102635572
112;0,12813274366843044
113;0,12647924730958945
114;0,11236102527121952
115;0,11400000000000077
116;0,11410959644131674
117;0,09861541461657901
118;0,10609901036296177
119;0,10288342918079744
120;0,09170605214488273
121;0,09992497185388777
122;0,08823831367382273
123;0,09303762679690336
124;0,08500000000000216
125;0,08319254774317224
126;0,08523496934944073
127;0,08448076704197113
128;0,07156814934033115

99;0,129294238077338
100;0,13058713566044775
101;0,13017680284905006
102;0,12969194269498743
103;0,12969194269498743
104;0,13058713566044775
105;0,1297112177107265
106;0,13014222988715096
107;0,12925169244539803
108;0,13014222988715252
109;0,13014222988715096
110;0,13067899601695818
111;0,10965856099730384
112;0,08953770155638274
113;0,07558438992279014
114;0,0649384323802174
115;0,05930430001272848
116;0,05656854249492511
117;0,05536244214266592
118;0,06174139616173329
119;0,0847230783199005
120;0,0856329375882892
121;0,11370136322841765
122;0,13023056476879596
123;0,12949517365523688
124;0,1308319532835936
125;0,12963410045200033
126;0,12995768542106548
127;0,130418556961804
128;0,12927490088954077
129;0,1298768647604336
130;0,1300499903883119
131;0,13041855696180715
132;0,12983836104942015
133;0,13004999038831125
134;0,12963410045200535
135;0,13061393493804563
136;0,1294372434811544
137;0,13023056476879794
138;0,1300499903883119
139;0,12971121771072872
140;0,1305411812417841
141;0,12940247292845317
142;0,13024976007655586
143;0,12998846102635572
144;0,12986916493147804
145;0,12975746606650548
146;0,13064838307457038
147;0,12946814279968769
148;0,13046455457326256
149;0,12931357237351518
150;0,13024592124131845
151;0,13024592124131845
152;0,13018832512940892
153;0,13018832512940517
154;0,1293870163501747
155;0,13064838307457038
156;0,12986916493147804
157;0,12998846102635572
158;0,1294024729284567

99;0,13024592124131867
100;0,13013838787998208
101;0,12909686285886043
102;0,1300961183125794
103;0,1300615239031119
104;0,130034610777284
105;0,13006152390311534
106;0,1303111660603179
107;0,13024592124131867
108;0,12924782396620968
109;0,13018832512940517
110;0,13013838787997853
111;0,13009611831257953
112;0,13013838787997853
113;0,1300615239031118
114;0,13009611831257584
115;0,13006152390311546
116;0,1300615239031119
117;0,1300615239031118
118;0,12903487900564073
119;0,130034610777284
120;0,130034610777284
121;0,13001538370516266
122;0,1300346107772839
123;0,1300153837051591
124;0,1300153837051626
125;0,13001538370515905
126;0,1300038460969511
127;0,13001538370515905
128;0,13000384609695462

99;0,13003461077728753
100;0,1300038460969511
101;0,1300038460969511
102;0,13006152390311546
103;0,1300153837051591
104;0,13000384609695106
105;0,129999999999999
106;0,13000000000000256
107;0,13000384609695106
108;0,13000384609695106
109;0,1300153837051626
110;0,129999999999999
111;0,129999999999999
112;0,129999999999999
113;0,13000384609695462
114;0,129999999999999
115;0,129999999999999
116;0,13009611831257584
117;0,13000384609695462
118;0,13001538370515905
119;0,13009611831257584
120;0,13006152390311546
121;0,12909686285886043
122;0,13031116606032145
123;0,1303111660603179
124;0,13024592124131845
125;0,12931357237351518
126;0,1303840481040521
127;0,12946814279968769
128;0,1303111660603179

130;0,13001538370515905
131;0,13001538370515905
132;0,13001538370515905
133;0,13001538370516266
134;0,13000384609695106
135;0,130034610777284
136;0,13001538370516266
137;0,13001538370515905
138;0,13001538370515905
139;0,1300153837051591
140;0,1300153837051626
141;0,13001538370515905
142;0,1300153837051591
143;0,13001538370515905
144;0,1300153837051626
145;0,1300038460969511
146;0,13001538370515905
147;0,13000384609695462
148;0,13001538370515905
149;0,1300038460969511
150;0,13000384609695106
151;0,13001538370516266
152;0,13000384609695106
153;0,130034610777284
154;0,13001538370516266
155;0,130034610777284
156;0,13001538370515905
157;0,130034610777284
158;0,1300153837051626

130;0,1300807441553124
131;0,13050670480860543
132;0,12928263611173715
133;0,1304952106400836
134;0,13026895255585544
135;0,12983836104942437
136;0,1294372434811544
137;0,13041855696180715
138;0,12955307792561324
139;0,13069812546474915
140;0,1292594290564524
141;0,1303917175283784
142;0,13011533345459453
143;0,12998846102635175
144;0,12986916493148157
145;0,12986916493148157
146;0,12975746606650196
147;0,13075167302944815
148;0,12965338406690505
149;0,12955693729013648
150;0,13055267136293977
151;0,12946814279968769
152;0,13055267136293977
153;0,13017680284904692
154;0,12929423807734114
155;0,13059862173851516
156;0,12971121771073127
157;0,13058713566044458
158;0,1292478239662107
159;0,12998846102635175

154;0,019104973174544952
155;0,022825424421025912
156;0,047074409183759006
157;0,06293647591023992
158;0,0664906008395148
159;0,07710382610480573
160;0,1302075266641693
161;0,12984991336154308
162;0,13008458786497085
163;0,12984991336154306
164;0,1296533840669042
165;0,13086252328302309
166;0,12929423807734114
167;0,13017680284904692
168;0,12969194269498743
169;0,13061393493804788
170;0,12935609765294934
171;0,13078226179417668
172;0,12961867149450418
173;0,12980754985747067
174;0,13003461077728423
175;0,13029965464267435
176;0,12997307413460502
177;0,1293406355326902
178;0,13064838307457163
179;0,1300807441553134
180;0,12980754985747173
181;0,13000000000000117
182;0,12975746606650168
183;0,1302689525558589

160;0,1300807441553134
161;0,1295414991421665
162;0,13024976007655506
163;0,12999999999999773
164;0,12952219886953886
165;0,1304952106400836
166;0,12983836104942437
167;0,12983836104942015
168;0,13041855696180715
169;0,13023056476879727
170;0,1300499903883119
171;0,12971121771072872
172;0,12955307792561324
173;0,13039171752837486
174;0,13039171752837786
175;0,12912397143830426
176;0,12998846102635572
177;0,13098091464026232
178;0,12975746606650235
179;0,12975746606650548
180;0,1296533840669047
181;0,13064838307457075
182;0,12955693729013648
183;0,13038404810405183
184;0,12946814279968802
185;0,13038404810405183
186;0,1303840481040521
187;0,12931357237351518
188;0,13024592124131845
189;0,13024592124131845
190;0,12918978287775068

161;0,12997307413460724
162;0,13029965464267554
163;0,1300807441553124
164;0,12940247292845639
165;0,13024976007655506
166;0,1298383610494209
167;0,13069812546474974
168;0,12924782396621032
169;0,13024976007655237
170;0,12965338406690505
171;0,13038404810405183
172;0,1302459212413222
173;0,12986916493147763
174;0,12955693729013648
175;0,13024592124131867
176;0,13001538370515905
177;0,1300153837051626
178;0,1300038460969511
179;0,129999999999999
180;0,13003461077728753
181;0,13001538370515905
182;0,1300038460969511
183;0,12714165328483143
184;0,08381527307120121
185;0,08538149682454611
186;0,0897385090136887
187;0,09217917335276879
188;0,09633794683300989
189;0,09984988733093288
190;0,1025914226434162
191;0,052924474489596335
192;0,054000000000002046
193;0,0646297145282262
194;0,07102112361825917
195;0,07844743462981907
196;0,07766595135579053
197;0,07930952023559555
198;0,08631338250815779
199;0,08926925562588829
200;0,09489467845985977
201;0,0987319603775789
202;0,09687620966986714
203;0,1018331969448066
204;0,09972462083156822
205;0,10358571330062993
206;0,10656922632730136
207;0,107563934476202
208;0,11045361017187186
209;0,11236102527121952
210;0,1075639344761981
211;0,11128791488746739
212;0,1111620438818939
213;0,11311056537742141
214;0,11606894502837485

161;0,1302996546426717
162;0,13029965464267435
163;0,1291897828777484
164;0,13038404810405266
165;0,13017680284904692
166;0,13064838307457388
167;0,1300000000000012
168;0,1292826361117352
169;0,1300000000000012
170;0,13058713566044775
171;0,12969194269498743
172;0,129999999999999
173;0,12944883158993742
174;0,12509996003196944
175;0,11706835610018634
176;0,11014535850411425
177;0,10830050784737688
178;0,09868130522039156
179;0,09676776322722162
180;0,09300537618869377
181;0,08297590011563566
182;0,07792945527847434
183;0,0744311762637151
184;0,07203471385380816
185;0,07605918747922484
186;0,07402702209328646
187;0,07919595949289465
188;0,08915716460274031
189;0,09483142938920491
190;0,09740636529508956

161;0,12997307413460388
162;0,12909686285886537
163;0,10778682665335224
164;0,07343023900274226
165;0,06860029154457095
166;0,08228000972289512
167;0,12722421153223856
168;0,1278162743941503
169;0,13004999038831047
170;0,12963410045200185
171;0,13086252328302567
172;0,12955307792561324
173;0,1302497600765554
174;0,12955307792561377
175;0,12998846102635175
176;0,12998846102635572
177;0,12986916493147763
178;0,13046455457326608
179;0,1303111660603179
180;0,12931357237351493
181;0,1303111660603179
182;0,13013838787997853
183;0,1303840481040521
184;0,1296533840669047
185;0,1300615239031119
186;0,13000000000000256
187;0,1300038460969511
188;0,13001538370515905
189;0,13024592124132198
190;0,12924782396620615
191;0,13036103712382852
192;0,12975746606650515
193;0,1298768647604336
194;0,12986916493147804
195;0,1306483830745743
196;0,12931357237351163
197;0,13013838787998208
198;0,1300615239031118
199;0,130034610777284
200;0,1300038460969511
201;0,13000000000000256
202;0,129999999999999
203;0,129999999999999
204;0,13000000000000256
205;0,1300038460969511
206;0,1300038460969511
207;0,129999999999999
208;0,13000384609695462
209;0,12903487900563718
210;0,1280039061903973
211;0,1270039369468546
212;0,12503599481749247
213;0,12709838708653903
214;0,12406449935416529
215;0,1270157470552397
216;0,12601587201618455
217;0,1241007655093254
218;0,12609916732476642
219;0,1241007655093254
220;0,1271927670899558

161;0,1296186714945041
162;0,13017296186228478
163;0,13004999038831125
164;0,13054118124178465
165;0,1300499903883119
166;0,12924395537122838
167;0,13061393493804466
168;0,12927490088953583
169;0,1304300578854446
170;0,12984991336154514
171;0,1305986217385142
172;0,13011533345459153
173;0,12897286536322436
174;0,13072872675888628
175;0,13009611831257664
176;0,12984991336154308
177;0,13008458786497576
178;0,129999999999998
179;0,12929423807734114
180;0,13017680284904692
181;0,1301460717809049
182;0,13026895255585522
183;0,129468142799687
184;0,13060245020672365
185;0,12969194269498785
186;0,1302919797992206
187;0,1300807441553134
188;0,12940247292845536
189;0,13077079184588705
190;0,1295414991421665

185;0,1300961183125794
186;0,13001538370515905
187;0,12506398362438328
188;0,12599999999999767
189;0,12603570922560126
190;0,12200409829181959

185;0,12203687967167993
186;0,12894960255851748
187;0,1234544450394567
188;0,11964113005150158
189;0,12317873193047554
190;0,130115333454591
191;0,12998846102635572
192;0,12924782396620685
193;0,12998846102635572
194;0,12684636376340996
195;0,11788553770501613
196;0,11648175822848669
197;0,11119802156513539
198;0,11180339887498948
199;0,10575916035975066
200;0,11994165248152938
201;0,1215976973466194
202;0,11552056094046699
203;0,11512167476196578
204;0,11395174417269993
205;0,10139033484509156
206;0,10473776778221051
207;0,10218121158020983
208;0,09849365461795216
209;0,09396275858019512
210;0,0975141015443393
211;0,08973850901368957
212;0,08746427842267819
213;0,08579627031520917
214;0,08005623023850106

185;0,13011533345459153
186;0,12995768542106548
187;0,13020752666416718
188;0,12984991336154222
189;0,12984991336154308
190;0,12965338406690116
191;0,08207923001588298
192;0,08598837130682321
193;0,11407015385279441
194;0,11515641536622978
195;0,11951987282456658
196;0,11221853679316798
197;0,11278741064498346
198;0,10846658471621379
199;0,09881295461628849
200;0,10632967600815947
201;0,10959014554237712
202;0,13014607178090334
203;0,11513470371699422
204;0,13017296186228677
205;0,12997307413460502
206;0,12980754985747173
207;0,1300499903883119
208;0,1300499903883119
209;0,1300499903883119
210;0,1300499903883119
211;0,12987686476043422
212;0,13069812546475265
213;0,12986916493147804
214;0,1292594290564524
215;0,1298653148458044
216;0,128378347083925
217;0,1298653148458044
218;0,1301729618622848
219;0,13003461077728423
220;0,12998846102635345

185;0,13035720156554517
186;0,12798828071350976
187;0,1182243629714277
188;0,10632967600815947
189;0,10252804494381093
190;0,09580187889597981
191;0,1183089176689549
192;0,11260550608207562
193;0,10604244433244671
194;0,09588534820294406
195;0,0904488805900879
196;0,08609297300012567
197;0,08109870529176118
198;0,07900632886041536
199;0,08000624975587675
200;0,08178630692236757
201;0,07716216689544338
202;0,08448076704197213
203;0,08005623023850358
204;0,0850940655980176
205;0,08713208364316981
206;0,08300602387778695
207;0,08860022573334483
208;0,09364827814754513
209;0,09402127418834644
210;0,09100549433962875
211;0,08324061508662531
212;0,08962700485902757
213;0,09588534820294406
214;0,1110180165558721
215;0,1305526713629433
216;0,12955693729013293
217;0,11834272263219416
218;0,11116204388189409
219;0,11016351483136273
220;0,1080046295304054
221;0,09404786015641173
222;0,09651942809610947
223;0,10239628899525288
224;0,11803812943282563

185;0,13024976007655187
186;0,12955693729013648
187;0,1303111660603179
188;0,1203370267207905
189;0,11515641536622978
190;0,10630145812734808
191;0,10607544484941066
192;0,10899999999999821
193;0,11201785571952187
194;0,11200000000000188
195;0,11403946685249004
196;0,11111255554616739
197;0,11301769772916051
198;0,1080046295304054
199;0,10611785900591657
200;0,10012492197250547
201;0,10223991392797646
202;0,09818350166906761
203;0,09525754563287783
204;0,09313431161500033
205;0,0931933474020544
206;0,09002221947941502
207;0,08905054744357493
208;0,09102197536858637
209;0,08329465769183728
210;0,08409518416651408
211;0,08429116205154583
212;0,0794040301244218
213;0,08023091673413735
214;0,07236711960552107
215;0,08159656855530219
216;0,07382411530116507
217;0,08302409288875226
218;0,08256512580987124
219;0,07502666192761141
220;0,08077747210701719
221;0,09518928511130054
222;0,0659696900098822
223;0,07355270219373361
224;0,08161494961096254

185;0,13020752666416432
186;0,1302075266641693
187;0,12932130528261793
188;0,13014607178090334
189;0,12465151423067487
190;0,122262013724622
191;0,11812705024675979
192;0,11640017182117758
193;0,11485643212289051
194;0,11236102527122305
195;0,11022250223978698
196;0,10811567878897187
197;0,10800462953040181
198;0,11100450441310995
199;0,12714165328483276
200;0,12379418403139697
201;0,12169634341261278
202;0,11808894952534432
203;0,11452947218947689
204;0,10900000000000176
205;0,1091650127101152
206;0,10877959367454983
207;0,10554619841566942
208;0,10120276676059763
209;0,09982484660644299
210;0,09338094023943198
211;0,09708243919473752
212;0,09630160954002755
213;0,09148223871331582
214;0,08367795408588785
215;0,08704596486914332
216;0,07648529270389202
217;0,0806597793203011
218;0,07300000000000098
219;0,07657675887630692
220;0,06952697318307421
221;0,07516648189186316
222;0,07406078584514296
223;0,07924645102463464
224;0,08373768566183465
225;0,1173882447266348
226;0,11923925528113714
227;0,11684177335182783
228;0,11462983904725761
229;0,11244554237496293
230;0,1134416149391392
231;0,10877959367454983
232;0,10855873986004122
233;0,11007270324653545
234;0,1101135777277293
235;0,11111255554616385
236;0,10907336980216754
237;0,10904127658827005
238;0,11101801655587322
239;0,1080046295304054
240;0,10707474025184388
241;0,11004090148667392
242;0,11100450441310995
243;0,11100000000000065
244;0,11100000000000065
245;0,12999999999999773
246;0,1302919797992206
247;0,12803515142335145
248;0,12037026210821175
249;0,11880235687897722
250;0,1212023102090078
251;0,11992080720208367
252;0,12206555615733679
253;0,12297154142320935
254;0,1284562182223976

185;0,11761802582937778
186;0,11230761327710656
187;0,11053506231056263
188;0,11287160847617927
189;0,10791200118615311
190;0,11013627921806747
191;0,11440279716859844
192;0,12025389806571808
193;0,12080149005703512
194;0,12963024338478962
195;0,1270629765116491
196;0,1296186714945041
197;0,12657013865837383
198;0,1250319959050499
199;0,1266570171763102
200;0,1303878828726014
201;0,13003461077728423
202;0,1296186714945055
203;0,13003461077728423
204;0,13077079184588705
205;0,12944883158993603
206;0,13064838307457163
207;0,12816005617976442
208;0,1293406355326902
209;0,12465151423067154
210;0,12969194269498743
211;0,13018832512940806
212;0,12986531484580582
213;0,13038788287260467
214;0,1294681427996856

185;0,10733592129385218
186;0,11766052864066177
187;0,1225887433657729
188;0,11677756633874634
189;0,11416216536138542
190;0,12559060474414316
191;0,13009611831257722
192;0,12986531484580574
193;0,1301768028490486
194;0,12971121771072813
195;0,1301729618622848
196;0,12961867149450418
197;0,13003461077728423
198;0,12997307413460837
199;0,1259603112095222
200;0,1176520293067654
201;0,11356495938448703
202;0,11021796586763628
203;0,11081967334368194
204;0,10977249200049874
205;0,11002726934719594
206;0,1075639344761981
207;0,09402127418834651
208;0,09408506789071015
209;0,09200543462209404
210;0,09027181176868002
211;0,08935882720805899
212;0,07170076708097511
213;0,07592759709091086
214;0,07085901495222766

185;0,13061393493804466
186;0,1287982919141416
187;0,1300000000000012
188;0,13054501139453636
189;0,12875169901791478
190;0,12427791436936948
191;0,12984991336154308
192;0,13086252328302309
193;0,12940247292845797
194;0,13051053597315293
195;0,1301460717809049
196;0,12944883158993603
197;0,12980754985747173
198;0,13041855696180646
199;0,1298383610494209
200;0,13041855696180646
201;0,12987686476043422
202;0,12998846102635528
203;0,12955693729013648
204;0,12965338406690152
205;0,12946814279968769
206;0,13018832512940517
207;0,129999999999999
208;0,1300153837051626
209;0,1231015840677909
210;0,12103718436910427
211;0,12314625451064032
212;0,12801562404644223
213;0,12600000000000122
214;0,12706297651164847

185;0,13038404810405183
186;0,12971121771072872
187;0,13011533345459453
188;0,12986916493148157
189;0,12986916493147804
190;0,12813274366843044
191;0,12841339493993878
192;0,11968291440301594
193;0,11853269591129759
194;0,11591807451817085
195;0,11119802156513191
196;0,11541230437002893
197;0,11321660655575186
198;0,11452947218947689
199;0,11751595636338152
200;0,12033702672078694
201;0,11960351165413144
202;0,12133424908079558
203;0,12240914998479456
204;0,12201639234135707
205;0,12410076550932185
206;0,12301625908797693
207;0,12501599897613108
208;0,12500399993600206
209;0,12700393694685105
210;0,1270157470552397
211;0,12709838708653903
212;0,12725171904536184
213;0,12457929201918186
214;0,1244025723206708

192;0,129999999999999
193;0,1300038460969546
194;0,129999999999999
195;0,129999999999999
196;0,1300038460969511
197;0,13000000000000256
198;0,129999999999999
199;0,129999999999999
200;0,13000384609695462
201;0,1300038460969511
202;0,1300038460969511
203;0,13000000000000256
204;0,12999999999999545
205;0,13000000000000256
206;0,13000000000000256
207;0,1300038460969475
208;0,13000000000000256
209;0,13000000000000256
210;0,12999999999999545
211;0,13000000000000256
212;0,13000384609694754
213;0,13000000000000256
214;0,13000384609695462
215;0,13000384609694754
216;0,13000384609695462
217;0,1300038460969546
218;0,12999999999999545
219;0,13000000000000256
220;0,13000000000000256

192;0,13003461077728545
193;0,1303610371238275
194;0,1296919426949901
195;0,1300807441553134
196;0,1304952106400828
197;0,12975746606650598
198;0,1295221988695346
199;0,13041855696180715
200;0,1294372434811579
201;0,1305411812417806
202;0,12940247292845722
203;0,13024976007655586
204;0,13039171752837433
205;0,13011533345459453
206;0,13011533345459453
207;0,1299884610263522
208;0,12912397143830426
209;0,13011533345459453
210;0,12986916493148157
211;0,13086252328302309
212;0,12986916493147804
213;0,12998846102635528
214;0,12986916493148157
215;0,12975746606650196
216;0,13011533345459453
217;0,13011533345459497
218;0,12975746606650196
219;0,13011533345459453
220;0,13023056476879794

216;0,12998846102635345
217;0,12935609765295145
218;0,13029965464267435
219;0,1296919426949867
220;0,13091982279242786
221;0,12907749610214794
222;0,13029197979921722
223;0,12965338406690471
224;0,1306330739131569
225;0,12924395537122507
226;0,13024976007655595
227;0,1304952106400828
228;0,12975746606650598
229;0,13026895255585544
230;0,12120231020900522
231;0,11933147112140975
232;0,11835962149314513
233;0,12202458768625203
234;0,12593649193144849
235;0,12675172582651503
236;0,12061923561356383
237;0,12083873551142439
238;0,10339245620450067
239;0,1018331969448066
240;0,10679419459877205
241;0,11054863183232916
242;0,1126410227226317
243;0,115351636312623
244;0,11720921465482216
245;0,12983836104942015

216;0,13029965464267673
217;0,12984991336154308
218;0,13017296186228178
219;0,12928263611173843
220;0,1307402003975825
221;0,12955307792561324
222;0,12965338406690505
223;0,13038404810405183
224;0,13018832512940537
225;0,13006152390311546
226;0,129999999999999
227;0,13001538370515905
228;0,13001538370515905
229;0,13003461077728753
230;0,1300153837051591
231;0,12901550294441494
232;0,12801562404644218
233;0,1260357092255977
234;0,12400403219250808
235;0,12399999999999523
236;0,12203687967168657
237;0,12300406497347717
238;0,12100413216085036
239;0,12299999999999756
240;0,1230040649734772
241;0,12200409829181956
242;0,12300000000000466
243;0,1230040649734772
244;0,12303657992645682

216;0,127816274394146
217;0,12808200498118497
218;0,12987686476043422
219;0,12529964086141557
220;0,12457929201917799
221;0,1291200991325544
222;0,1308166656049606
223;0,12998846102635175
224;0,12924782396620968
225;0,13026895255585624
226;0,1300499903883119
227;0,1296533840669047
228;0,1303840481040521
229;0,13018832512940517
230;0,13003461077728753
231;0,1300153837051591
232;0,129999999999999
233;0,13001538370516266
234;0,1300615239031118
235;0,130034610777284
236;0,13009611831257598
237;0,1300961183125794
238;0,12906200060435852
239;0,1300961183125794
240;0,1300615239031118
241;0,1300615239031119
242;0,13009611831257584
243;0,13009611831257953
244;0,13009611831257584

222;0,12984991336154514
223;0,1294024729284551
224;0,13009611831257722
225;0,13017296186228478
226;0,13024976007655456
227;0,1301460717809017
228;0,1300000000000012
229;0,12969194269498785
230;0,1296533840669036
231;0,12980754985747173
232;0,1304952106400836
233;0,12963410045200185
234;0,1300499903883119
235;0,1303917175283784
236;0,13011533345459453
237;0,12975746606650196
238;0,12965338406690505
239;0,13038404810405183
240;0,13031116606032145
241;0,12918978287774713
242;0,1300961183125794
243;0,13006152390310835
244;0,13006152390311534
245;0,13031116606032145
246;0,13018832512940182
247;0,13013838787998208
248;0,12909686285886043
249;0,13006152390311534
250;0,13001538370515556

222;0,13038404810405538
223;0,12938701635017116
224;0,13038404810405563
225;0,1302459212413149
226;0,12931357237351873
227;0,13018832512940162
228;0,13018832512940892
229;0,13018832512940892
230;0,13018832512940162
231;0,13013838787998208
232;0,12909686285886043
233;0,13013838787998208
234;0,13009611831257242
235;0,1300961183125794
236;0,1300961183125794
237;0,13006152390310835
238;0,13006152390311534
239;0,13006152390311546
240;0,13006152390310835
241;0,13003461077728753
242;0,13003461077728046
243;0,13003461077728753
244;0,13003461077728745
245;0,13003461077728046
246;0,13003461077728753
247;0,13001538370516266
248;0,1290155029444114
249;0,13003461077728753
250;0,1300153837051555

226;0,12954149914216745
227;0,13004999038831394
228;0,1300499903883119
229;0,13039171752837433
230;0,12998846102635572
231;0,12975746606650548
232;0,12955693729013293
233;0,1305526713629433
234;0,13018832512940517
235;0,12924782396620638
236;0,1300961183125794
237;0,130034610777284
238;0,130034610777284
239;0,13003461077728753
240;0,130034610777284
241;0,129999999999999
242;0,1300038460969511
243;0,1300038460969546
244;0,130034610777284
245;0,026248809496815
246;0,042426406871190946
247;0,06312685640834544
248;0,07902531240052199
249;0,1065692263273049
250;0,11700427342623093
251;0,12081390648430902
252;0,12041594578792407
253;0,12159358535712189
254;0,11808894952534785

246;0,1300000000000046
247;0,1295221988695354
248;0,13041855696180715
249;0,1298768647604336
250;0,13039171752837433
251;0,04123105625618081
252;0,055036351623267726
253;0,057008771254959074
254;0,05885575587824874
255;0,0550272659687891
256;0,06053924347066006
257;0,06670832032063059
258;0,0706823881882897
259;0,07334848328357126
260;0,07920227269466106
261;0,08139410298049793
262;0,08367197858303632
263;0,08900561780022724
264;0,09394147114028009
265;0,09213576938409941
266;0,09617692030835834
267;0,09677293009927816
268;0,09953893710503338
269;0,10195096860746333
270;0,10278618584226278
271;0,1053043208990038
272;0,10435516278555261
273;0,1077032961426899
274;0,10920164833921095
275;0,11035397591387412

247;0,08713208364316981
248;0,07387827826905481
249;0,08800568163476817
250;0,09126883367283528
251;0,1294372434811586
252;0,12998846102635175
253;0,1305411812417841
254;0,13013838787997853
255;0,12912397143830426
256;0,13026895255585544
257;0,13049521064008707
258;0,12934063553268682
259;0,13050670480860452
260;0,12963410045200185
261;0,1302919797992217
262;0,13024976007655162
263;0,1293406355326936
264;0,1309236418680709
265;0,12928263611174165
266;0,13038788287260278
267;0,13014607178090015
268;0,12976902558007103
269;0,13026895255585666
270;0,1298653148458044
271;0,13018832512940806
272;0,12940247292845197
273;0,13054501139453964

247;0,11815244390193598
248;0,11386395390991681
249;0,12267436570041963
250;0,11920151005754778
251;0,11733712115098122
252;0,10722872749408095
253;0,09972462083156833
254;0,11618089343777754
255;0,12987686476043422
256;0,12999999999999656
257;0,13036103712382852
258;0,1297266356613014
259;0,13046455457326225
260;0,11428035701729392
261;0,13035720156554517
262;0,1210784869413207
263;0,10538026380684447
264;0,12955693729013498
265;0,12952991932368332
266;0,1305986217385169
267;0,1278006259765569
268;0,13024976007655442
269;0,12995768542106273
270;0,12972663566130374
271;0,12954149914216545
272;0,1306024502067223
273;0,12963410045200535
274;0,13023056476879838
275;0,1298345100502943
276;0,13023056476879838
277;0,12963024338478962
278;0,1296186714945012
279;0,12016655108640259
280;0,11132385189167329
281;0,11076551810017375
282;0,11111255554617094
283;0,11200446419674008
284;0,11006361796706902

247;0,08100617260431346
248;0,07932212806021012
249;0,08134494452638144
250;0,08570297544426243
251;0,09108238029388457
252;0,09654014708917817
253;0,09762171889492433
254;0,0970206163658027
255;0,09300537618869133
256;0,08374365647617796
257;0,09319334740205495
258;0,08906739021662105
259;0,07443117626371376
260;0,06158733636065162
261;0,04215447781671474
262;0,07430343195303837
263;0,08200609733428507
264;0,09334880824092072
265;0,08579627031520548
266;0,09915644204992483
267;0,11745637488020594
268;0,0993579387869942
269;0,1233085560697225
270;0,09929753269845042
271;0,1226132129910993
272;0,11166467659918018
273;0,10480935072787992
274;0,11119802156513652
275;0,11684605256490209
276;0,10666770832824599
277;0,076922038454529
278;0,08004998438476103
279;0,0771038261048032
280;0,08600581375697662
281;0,08325863318599462
282;0,0917060521448854
283;0,0979897953870697
284;0,09660745312862641
285;0,0798310716450709
286;0,08434453153583671
287;0,08276472678623366
288;0,08949860334105773
289;0,09570788891204449
290;0,0967729300992804
291;0,10001999800039882
292;0,09729337079164138
293;0,10242070103255395
294;0,10575916035975494
295;0,10903669107231409
296;0,10500000000000398
297;0,09815294188153645
298;0,10277159140540681
299;0,10989540481749165
300;0,10850345616615112
301;0,11076551810017332
302;0,1117586685675854
303;0,10357605900979634
304;0,10653168542738466
305;0,10804628637764405
306;0,11111255554617094
307;0,11428035701729064
308;0,11820744477400934
309;0,11407015385279086
310;0,08336066218547054
311;0,10557461816175007
312;0,10837435120913477
313;0,10804165863221163
314;0,10630145812734808
315;0,09815294188153645
316;0,10423531071570832
317;0,10438869670610817
318;0,10929318368498046
319;0,10937092849564911
320;0,1110000000000042
321;0,10196568050084204
322;0,10210778618694968
323;0,10647065323365078
324;0,10965856099730129
325;0,10638138934983109
326;0,10816653826392378
327;0,07922752047110258
328;0,10149384217774599
329;0,10647065323364402
330;0,10417293314484256
331;0,1061178590059201
332;0,10143470806385882
333;0,10456098698845247
334;0,10778682665335973
335;0,10729864864013824
336;0,1092931836849802
337;0,10701868995648083
338;0,09812746812182505
339;0,10423531071570638
340;0,10423531071570614
341;0,10592922165294817
342;0,1061178590059201
343;0,0771038261048032
344;0,1016070863670452
345;0,10720074626606108
346;0,10638138934983109
347;0,10400480758118746
348;0,09767292357659495
349;0,10171037311896867
350;0,10282509421343038
351;0,10407689465006062
352;0,10607544484941066
353;0,0771038261048032
354;0,10212247548898984
355;0,1052330746486142
356;0,10231324449942628
357;0,10707474025184388
358;0,07922752047110967
359;0,10609901036296177
360;0,10606601717798615
361;0,10816653826391669
362;0,10312128781197559
363;0,09847842403288264
364;0,10259142264341266
365;0,10369667304210066
366;0,10704204781299662
367;0,10607544484941066
368;0,07723341245859672
369;0,10104454463255212
370;0,1044796630928779
371;0,10012492197249838
372;0,11036756769993566
373;0,0792275204711094
374;0,10357605900979634
375;0,10469001862641847
376;0,10746627377926474
377;0,10404326023342327
378;0,09716480844421302
379;0,10149384217773927
380;0,10469001862641847
381;0,1060188662455902
382;0,10507616285342435
383;0,07716216689543982
384;0,10207840124140267
385;0,10538500842149869
386;0,10204410811017356
387;0,10607544484940341
388;0,07951100552753754
389;0,10375451797392181
390;0,10493807697875836
391;0,1075639344761981
392;0,10404326023342327
393;0,09716480844421357
394;0,10149384217773892
395;0,10469001862641847
396;0,10604244433244808
397;0,10630145812734099
398;0,07710382610481029
399;0,10104454463255212
400;0,10630145812734808
401;0,10312128781196866
402;0,10829589096545109
403;0,0783134726595579
404;0,10340696301507404
405;0,10381714694596585
406;0,10638138934982401
407;0,10404326023342327
408;0,09617692030836271
409;0,1029563014098667
410;0,10358571330062993
411;0,106004716876186
412;0,10623088063269932
413;0,07710382610481029

247;0,06484597134749454
248;0,07892401408950338
249;0,07810889834071288
250;0,08709764635166718
251;0,08755569655939115
252;0,08188406438373667
253;0,08502352615600073
254;0,09213576938409838
255;0,0962548700066653
256;0,10017983829094343
257;0,10101980003940084
258;0,09590099061010524
259;0,10017983829094698
260;0,09912618221237043
261;0,10317460927961043
262;0,10339245620450037
263;0,09552486587271303
264;0,09904039579888722
265;0,1059481005020846
266;0,10204410811017033
267;0,1087244222794491
268;0,0981835016690684
269;0,11370136322841538
270;0,10220078277586779
271;0,10480935072787992
272;0,1116646765991824
273;0,11660617479361929
274;0,11067520047418151
275;0,11903780911962245
276;0,08895504482602619
277;0,07716216689543941
278;0,053150729063676176
279;0,06236184731067408
280;0,07641989269817162
281;0,06824954212300602
282;0,05813776741499409
283;0,06105735008989467
284;0,07430343195304147

247;0,12175795661885923
248;0,10462313319720624
249;0,1008017856984675
250;0,08286132994346763
251;0,08544003745317412
252;0,09178779875342975
253;0,09095603333479056
254;0,09442986815621544
255;0,10104454463255212
256;0,09154780172128742
257;0,09832598842625374
258;0,10217631819555874
259;0,09900505037623099
260;0,10100495037373075
261;0,09732420048477189
262;0,09702061636580263
263;0,10201960595885515
264;0,09918165152889945
265;0,1031746092796071
266;0,10413932974625845
267;0,10922453936730703
268;0,10816653826392024
269;0,1143547113152763
270;0,11692732785794498
271;0,12280879447336242
272;0,1251598977308649
273;0,1271416532848279
274;0,12975746606650196
275;0,1305411812417806
276;0,13023056476879794

247;0,13000000000000117
248;0,10688779163215965
249;0,0981835016690684
250;0,10135580891098406
251;0,12014990636700572
252;0,1212641744292174
253;0,12014990636700572
254;0,12206555615733684
255;0,12201639234135707
256;0,11906720791217017
257;0,12001666550942096
258;0,12006664815843011
259;0,12059850745344818
260;0,12249489785293081
261;0,12457929201918186
262;0,12467958934805508
263;0,1255746789763004
264;0,12701181047445734
265;0,12666885963013705
266;0,12639620247460456
267;0,12757742747053413
268;0,13069812546474974
269;0,1298768647604336
270;0,12963410045200535
271;0,13039171752837486
272;0,12971121771072816
273;0,12986916493147804
274;0,1303917175283819
275;0,12975746606650196
276;0,1300961183125794
277;0,13039171752837433
278;0,12938701635017116
279;0,13064838307457394
280;0,12986916493147804
281;0,1298691649314851
282;0,13003461077728046
283;0,1300153837051626
284;0,13013838787997498
285;0,12938701635017824
286;0,13018832512940162
287;0,13038404810405563
288;0,13018832512940892
289;0,12909686285886043
290;0,13013838787998208
291;0,1302459212413149
292;0,13013838787998208
293;0,1300153837051626
294;0,13013838787997498
295;0,1300961183125794
296;0,12924782396620638
297;0,13018832512940873
298;0,13009611831257242
299;0,13018832512940873
300;0,13024592124132198
301;0,12931357237351163
302;0,1305526713629433
303;0,12965338406690152
304;0,130115333454591
305;0,1298691649314851
306;0,13064838307456686

247;0,11200446419674716
248;0,11236102527121952
249;0,11002726934719545
250;0,10469001862641847
251;0,13000384609695106
252;0,13000384609695462
253;0,1300038460969511
254;0,13013838787997853
255;0,1300615239031119
256;0,13000000000000256
257;0,130034610777284
258;0,13009611831257584
259;0,12924782396620993
260;0,13038404810405183
261;0,13041855696180715
262;0,12971121771072816
263;0,12987686476043422
264;0,1300807441553124
265;0,1298383610494209
266;0,1304952106400836
267;0,12980754985747173
268;0,12980754985747173
269;0,1300807441553124
270;0,13036103712382852
271;0,1293406355326936
272;0,13063307391315357
273;0,12934063553268682
274;0,12998846102635578
275;0,13063307391315357
276;0,12975746606650942

252;0,13024976007655187
253;0,13011533345459853
254;0,12998846102635175
255;0,12975746606650196
256;0,1307516730294517
257;0,12955693729013293
258;0,12946814279969154
259;0,1303840481040483
260;0,13038404810405563
261;0,12924782396620615
262;0,13024592124132198
263;0,13018832512940182
264;0,13013838787998208
265;0,13013838787998208
266;0,13013838787997498
267;0,1300961183125794
268;0,1290620006043584
269;0,13006152390311546
270;0,13006152390311546
271;0,13006152390310827
272;0,13003461077728753
273;0,13003461077728753
274;0,13001538370515556
275;0,13003461077728753
276;0,13003461077728035
277;0,13001538370516266
278;0,13003461077728753
279;0,1300153837051555
280;0,1300153837051626
281;0,13001538370516266
282;0,1300153837051555
283;0,1300153837051626
284;0,13000384609695462
285;0,13000384609694754
286;0,1300153837051626
287;0,13000384609695462
288;0,1300038460969475
289;0,13001538370516266
290;0,1300038460969475
291;0,13000384609695462
292;0,13000384609695462
293;0,1300038460969475
294;0,13000384609695462
295;0,13000384609695462
296;0,1300038460969475
297;0,13000000000000256
298;0,13000384609695462
299;0,12999999999999545
300;0,1300038460969546
301;0,13000384609694754
302;0,13000384609695462
303;0,13000000000000256
304;0,1300038460969475
305;0,13000384609695462
306;0,13000384609695462

256;0,10604244433244953
257;0,10198039027185464
258;0,09626006440887039
259;0,09334880824092072
260;0,09121951545585064
261;0,09411163583744508
262;0,09730878685915285
263;0,09924716620639401
264;0,101044544632555
265;0,1030776406404415
266;0,10621205204683744
267;0,10716809226630569
268;0,10934349546269578
269;0,11248555462813795
270;0,11960351165413201
271;0,12306908628895925
272;0,12658988901172308
273;0,12941792766073784
274;0,130176802849049
275;0,12983451005029703
276;0,12931357237351163
277;0,13024592124132198
278;0,13024592124131512
279;0,13018832512940873
280;0,13018832512940892
281;0,12931357237351163
282;0,13024592124132198
283;0,1302459212413149
284;0,12924782396620615

277;0,12969194269498666
278;0,130034610777284
279;0,1300000000000003
280;0,10920164833920909
281;0,0952102935611451
282;0,12929423807734425
283;0,1285145906113374
284;0,12442668524074943
285;0,12806248474865237
286;0,13069812546475618
287;0,12965338406690152
288;0,13013838787998208
289;0,13003461077728046
290;0,1300961183125794
291;0,13024592124132198
292;0,12903487900563718
293;0,1300038460969546
294;0,13003461077728046
295;0,13003461077728753
296;0,13006152390311546
297;0,13009611831257228
298;0,13000384609695462
299;0,1300038460969475
300;0,13003461077728753
301;0,13009611831257953
302;0,13009611831257228
303;0,13006152390311546
304;0,13018832512940873
305;0,13018832512940182
306;0,12918978287775404

277;0,13049521064008623
278;0,12965338406690136
279;0,1114271062174719
280;0,10214205793893257
281;0,0876413144584256
282;0,08411896337925068
283;0,049244289008982124
284;0,0794040301244218
285;0,05536244214266354
286;0,08814193099768235
287;0,08902246907382295
288;0,06432728814430351
289;0,09960923651950818
290;0,1030776406404431
291;0,10916501271011875
292;0,11101801655586967
293;0,11211155159037096
294;0,11301769772916051
295;0,10999999999999943
296;0,11299999999999955
297;0,11100450441310637
298;0,11301769772916762
299;0,11403946685248649
300;0,11201785571952548
301;0,11303981599418807
302;0,11054863183232916
303;0,11036756769993566
304;0,11221853679317152
305;0,10458011283222014
306;0,10877959367454587

277;0,11970797801316464
278;0,1171366723105974
279;0,12022063050907701
280;0,11896638180595466
281;0,118152443901934
282;0,1104762417898058
283;0,10977249200049961
284;0,09962429422585792
285;0,09109335870413732
286;0,08505292469986053
287;0,07990619500388557
288;0,08700574693662809
289;0,09019977827023379
290;0,08414867794564904
291;0,09204890004774512
292;0,09413288479591098
293;0,09900505037623454
294;0,09918165152889591
295;0,09960923651950818
296;0,10201960595885863
297;0,1040048075811875
298;0,1070046727951628
299;0,10716809226630777
300;0,11004090148667392
301;0,10807404868885438
302;0,10855873986003767
303;0,10822661410208168
304;0,10700467279516278
305;0,11000454536063439
306;0,10901834707974087

277;0,1300807441553134
278;0,13004999038831394
279;0,13049521064008013
280;0,13023056476879727
281;0,1292594290564524
282;0,12971121771072872
283;0,130115333454591
284;0,13031116606032145
285;0,13038404810405563
286;0,13013838787997498
287;0,1300038460969546
288;0,12918978287774693
289;0,1306483830745743
290;0,12931357237351163
291;0,13024592124132198
292;0,13013838787998208
293;0,13055267136293625
294;0,12931357237351873
295;0,13039171752837433
296;0,12986916493147804
297;0,12975746606650196
298;0,1305526713629433
299;0,12909686285886043
300;0,13006152390311546
301;0,13003461077728753
302;0,1300153837051555
303;0,13000000000000256
304;0,13018832512940873
305;0,13009611831257242
306;0,13006152390311534
307;0,12955693729013293
308;0,1307516730294517
309;0,12965338406690152
310;0,1305526713629433
311;0,12931357237351163
312;0,1303111660603212
313;0,13031116606031434
314;0,12938701635017824

277;0,09548298277703834
278;0,10049875621120927
279;0,1024597481941108
280;0,10911003620199053
281;0,11123398761170279
282;0,11923086848631027
283;0,12723600119462827
284;0,1294681427996856
285;0,12986531484580582
286;0,1298075498574727
287;0,1305986217385168
288;0,1294681427996856
289;0,12969194269498785
290;0,13091982279242786
291;0,129988461026349
292;0,1300000000000046
293;0,12975746606650254
294;0,12980754985747078
295;0,12980754985747173
296;0,13049521064008707
297;0,12929423807733817
298;0,1308166656049606
299;0,12999999999999773
300;0,12983836104942437
301;0,1294372434811579
302;0,13023056476879794
303;0,130049990388307
304;0,13023056476879794
305;0,13041855696180646
306;0,129247823966211
307;0,1307516730294517
308;0,12955693729013293
309;0,12955693729013293
310;0,1305526713629433
311;0,13003461077728046
312;0,1300153837051626
313;0,1300153837051626
314;0,13001538370515556
315;0,13000000000000256
316;0,13000000000000256
317;0,12999999999999545
318;0,13000000000000256
319;0,13000384609695462
320;0,13006152390310835
321;0,12918978287775404
322;0,13013838787997498
323;0,13031116606032145
324;0,13013838787997498
325;0,13018832512940892
326;0,12946814279968416
327;0,13013838787998208
328;0,13018832512940873
329;0,13024592124131512
330;0,12946814279969124
331;0,13031116606031434
332;0,12946814279969124
333;0,13038404810404855
334;0,13000000000000256
335;0,12999999999999545
336;0,1300153837051626
337;0,1300499903883147
338;0,13039171752837433

277;0,06718630812896097
278;0,0925742944882659
279;0,09832598842625374
280;0,10430723848324179
281;0,10834205093129738
282;0,1166619046647186
283;0,12202458768625281
284;0,12571793825863173
285;0,11399122773266286
286;0,12026637102698089
287;0,12998846102635175
288;0,1296533840669086
289;0,1303840481040483
290;0,12924782396621348
291;0,1303840481040483
292;0,13013838787998208
293;0,13006152390311546
294;0,1300038460969475
295;0,13000000000000256
296;0,1300038460969475
297;0,13000384609695462
298;0,1300153837051626
299;0,13000384609694754
300;0,1300153837051626
301;0,13001538370516266
302;0,13013838787997498
303;0,1300961183125794
304;0,12946814279968416
305;0,13011533345459805
306;0,12986916493147804

278;0,13011533345459805
279;0,12975746606650196
280;0,13046455457326608
281;0,13009611831257228
282;0,1290348790056443
283;0,1300153837051555
284;0,13024592124132198
285;0,1300153837051626
286;0,13000384609694754
287;0,13038404810405563
288;0,12938701635017089
289;0,13031116606032145
290;0,1302459212413222
291;0,13018832512940162
292;0,1300961183125794
293;0,1300153837051555
294;0,13000384609695462
295;0,13003461077728753
296;0,1291394595001831
297;0,13013838787998208
298;0,13013838787997498
299;0,13013838787998208
300;0,1300961183125794
301;0,13009611831257228
302;0,13006152390311546
303;0,13009611831257228
304;0,13013838787998208
305;0,12924782396620615
306;0,13031116606032145

281;0,12944883158993742
282;0,05008991914547349
283;0,056586217403179144
284;0,07049113419430986
285;0,08246211251235369
286;0,08746427842267623
287;0,09340770846134992
288;0,11723907198540896
289;0,11723907198540896
290;0,11597413504743406
291;0,0999999999999963
292;0,10404806581575614
293;0,1302996546426777
294;0,12946814279968416
295;0,13006152390311546
296;0,1250279968646973
297;0,1275774274705417
298;0,12727922061357583
299;0,12688971589533735
300;0,12368508398348278
301;0,1300499903883119
302;0,13039171752837433
303;0,13018832512940892
304;0,12998846102635175
305;0,12975746606650235
306;0,13046455457326578

286;0,12955693729013293
287;0,13038404810405563
288;0,12946814279968416
289;0,13046455457326578
290;0,12938701635017116
291;0,13038404810405538
292;0,13031116606031434
293;0,12931357237351873
294;0,13055267136293625
295;0,12946814279969124
296;0,13055267136293625
297;0,1296533840669086
298;0,1305526713629359
299;0,12931357237351873
300;0,13031116606031434
301;0,13031116606032145
302;0,12931357237351163
303;0,13031116606032145
304;0,13038404810404855
305;0,12931357237351848
306;0,13024592124131512
307;0,1300961183125794
308;0,13006152390311546
309;0,13009611831257228
310;0,13003461077728753
311;0,13003461077728753
312;0,13003461077728046
313;0,13006152390311534
314;0,13003461077728046

286;0,13023056476879794
287;0,12971121771072872
288;0,12965338406690116
289;0,1305526713629433
290;0,1273930924344042
291;0,12739309243439684
292;0,12425779653607504
293;0,1251958465764738
294;0,12226201372462346
295;0,12306502346320575
296;0,12349089035228927
297;0,1222006546627308
298;0,12319902597017322
299;0,12419742348374442
300;0,12026637102698065
301;0,12110326172321108
302;0,12110326172320383
303;0,12301625908798049
304;0,12310158406779104
305;0,125099960031968
306;0,12403628501370306
307;0,1300038460969475
308;0,13001538370516266
309;0,1300038460969546
310;0,13000384609694754
311;0,13000384609695462
312;0,13000000000000256
313;0,12999999999999545
314;0,1300153837051626
315;0,13003461077728046
316;0,1300153837051626
317;0,13006152390311546
318;0,13003461077728046
319;0,1290038759107697
320;0,12900387591076254
321;0,1270039369468546
322;0,1280000000000001
323;0,12699999999999534
324;0,12600000000000477
325;0,12599999999999767
326;0,12801562404644218
327;0,1280039061903973
328;0,12801562404644218
329;0,12900387591076257
330;0,1270039369468546
331;0,1280000000000001
332;0,12599999999999767
333;0,12700393694685458
334;0,12599999999999767
335;0,125
336;0,12599999999999767
337;0,12403628501370306
338;0,12014990636700909
339;0,12999999999999545
340;0,1300038460969546
341;0,1300038460969475
342;0,13000384609695462
343;0,13003461077728753
344;0,1300153837051555
345;0,1291200991325544
346;0,1302497600765525
347;0,1297574660665086
348;0,13041855696180646
349;0,13039171752837486
350;0,12938701635017089
351;0,1302459212413222
352;0,13046455457326578
353;0,12946814279968416
354;0,12856126943990576
355;0,12731849826321637
356;0,12946814279968416
357;0,12831601614763466
358;0,12824975633505123
359;0,125195846576474
360;0,12609916732476628
361;0,1261427762497695
362;0,12619429464124446
363;0,12606347607455298
364;0,12509996003196813
365;0,12548306658669123
366;0,12625371281669065
367;0,12714165328483276
368;0,12619429464123738
369;0,12824975633505123
370;0,12714165328483276
371;0,1260357092255977
372;0,1260357092256048
373;0,12532358118087755
374;0,1253235811808773
375;0,12998846102635345
376;0,12937542270462077
377;0,13029965464267673
378;0,1250000000000007
379;0,12044085685513645
380;0,12015406776301542
381;0,1208056290079249
382;0,1178812962263286
383;0,121276543486366
384;0,12218428704216053
385;0,12431009613060165
386;0,12368508398347534
387;0,12280065146407022
388;0,12249489785293081
389;0,12226201372462323
390;0,12419742348374462
391;0,12306502346320575
392;0,12403628501370306
393;0,12500399993600206
394;0,12400403219250808
395;0,12500399993600203
396;0,12399999999999523
397;0,125
398;0,12500399993600206
399;0,12400000000000233
400;0,12600396819147963
401;0,1260039681914867
402;0,12600396819147963
403;0,12601587201618455
404;0,12500399993600206
405;0,12946814279969124
406;0,12965338406690152
407;0,12955693729013293
408;0,129387016350178
409;0,12856126943990576
410;0,11016351483136273
411;0,10866462165764605
412;0,10530432089899887
413;0,10530432089900596

308;0,11806777714515845
309;0,11903780911962361
310;0,12101652779682842
311;0,12101652779682837
312;0,11815244390193046
313;0,1212023102090076
314;0,11915116449284056
315;0,12776932339180874
316;0,12731849826321637
317;0,12725171904535829
318;0,12709838708654259
319;0,1280039061903973
320;0,12900387591076257
321;0,12900387591076254
322;0,12803515142334948
323;0,12700393694685458
324;0,12903487900563718
325;0,12906200060436562
326;0,1270629765116449
327;0,1132828318855063
328;0,12200409829181959
329;0,12965338406690824
330;0,13039171752837486
331;0,12929423807733817
332;0,13091982279242673
333;0,12944883158993936
334;0,13038788287260278
335;0,13014222988715096
336;0,12929423807734425
337;0,1303840481040483
338;0,12975746606650196
339;0,13011533345459853
340;0,13024976007655187
341;0,13024976007655237
342;0,1292594290564524
343;0,13024976007655942
344;0,13039171752837433

308;0,13013838787998208
309;0,13009611831257953
310;0,13000384609694754
311;0,13003461077728753
312;0,13000384609694754
313;0,13000384609695462
314;0,1300153837051626
315;0,1304645545732587
316;0,12931357237351873
317;0,13009611831257228
318;0,1300153837051626
319;0,13006152390311546
320;0,13003461077728046
321;0,13000384609695462
322;0,1300038460969546
323;0,1300153837051555
324;0,13006152390311546
325;0,13003461077728046
326;0,1300038460969546
327;0,13003461077728753
328;0,13000384609694754
329;0,13006152390311534
330;0,1300961183125794
331;0,12938701635017116
332;0,1307516730294517
333;0,12940247292845722
334;0,12971121771072816
335;0,13061393493804563
336;0,13004999038830775
337;0,1302689525558589
338;0,12999999999999773

308;0,13000000000000256
309;0,13000384609694754
310;0,1300038460969546
311;0,12999999999999545
312;0,13000384609695462
313;0,1300038460969546
314;0,12999999999999545
315;0,13000384609695462
316;0,13000000000000256
317;0,12999999999999545
318;0,13000384609695462
319;0,1300038460969546
320;0,12999999999999545
321;0,13000384609695462
322;0,13000384609694754
323;0,1300038460969546
324;0,13000384609695462
325;0,13000384609694754
326;0,1300038460969546
327;0,13000384609695462
328;0,13000384609694754
329;0,1300038460969546
330;0,13000000000000256
331;0,13000384609694754
332;0,13000384609695462
333;0,1300038460969546
334;0,12999999999999545
335;0,13000384609695462
336;0,12999999999999545

308;0,12987686476043422
309;0,13069812546474915
310;0,1292594290564524
311;0,130115333454591
312;0,1306483830745743
313;0,12998846102635175
314;0,12946814279969124
315;0,13038404810404855
316;0,12931357237351873
317;0,13031116606031434
318;0,13031116606032145
319;0,12931357237351163
320;0,13046455457326578
321;0,12955693729013293
322;0,1308625232830266
323;0,12986916493147763
324;0,12986916493147804
325;0,13024976007655942
326;0,12912397143830426
327;0,13024976007655237
328;0,13039171752837433
329;0,1303917175283819
330;0,12971121771072872
331;0,130115333454591
332;0,130115333454591
333;0,1298691649314851
334;0,12986916493147804
335;0,12998846102635175
336;0,1299884610263522

316;0,1300038460969546
317;0,13001538370515556
318;0,1300153837051626
319;0,1300153837051626
320;0,13001538370515556
321;0,1300153837051626
322;0,13003461077728046
323;0,1300153837051626
324;0,13001538370516266
325;0,13003461077728046
326;0,1300038460969546
327;0,13001538370516266
328;0,1300153837051555
329;0,13000384609695462
330;0,1300153837051626
331;0,1300153837051555
332;0,13003461077728753
333;0,1300153837051626
334;0,13003461077728046
335;0,13006152390311546
336;0,1300153837051555
337;0,12918978287775423
338;0,13018832512940182
339;0,1300961183125794
340;0,13013838787998208
341;0,13009611831257228
342;0,13013838787998208
343;0,13013838787998208
344;0,1291394595001831

338;0,13000000000000256
339;0,12999999999999545
340;0,13000000000000256
341;0,13000000000000256
342;0,12999999999999545
343;0,13000000000000256
344;0,13000000000000256
345;0,12999999999999545
346;0,13000000000000256
347;0,12999999999999545
348;0,13000000000000256
349;0,13000000000000256
350;0,12999999999999545
351;0,13000000000000256
352;0,13000000000000256
353;0,12999999999999545
354;0,13000000000000256
355;0,1300038460969546
356;0,1300038460969475
357;0,13000000000000256
358;0,13000000000000256
359;0,12999999999999545
360;0,13000384609695462
361;0,12999999999999545
362;0,13000000000000256
363;0,13000000000000256
364;0,12999999999999545
365;0,13000000000000256
366;0,13000384609695462
367;0,12999999999999545
368;0,13000000000000256
369;0,13000384609695462
370;0,13000384609694754
371;0,13000000000000256
372;0,12999999999999545
373;0,13000000000000256
374;0,13000000000000256
375;0,12999999999999545
376;0,13000000000000256
377;0,13000384609695462
378;0,12999999999999545
379;0,13000000000000256
380;0,13000000000000256
381;0,12999999999999545
382;0,13000000000000256
383;0,13000000000000256
384;0,12999999999999545
385;0,13000000000000256
386;0,13000384609694754
387;0,13000384609695462
388;0,13000000000000256
389;0,12999999999999545
390;0,13000000000000256
391;0,13000000000000256
392;0,12999999999999545
393;0,13000000000000256
394;0,13000000000000256
395;0,12999999999999545
396;0,13000000000000256
397;0,12999999999999545
398;0,13000384609695462
399;0,13000000000000256
400;0,1300038460969475
401;0,13000000000000256
402;0,13000000000000256
403;0,12999999999999545
404;0,13000000000000256

340;0,12963410045200535
341;0,12987686476043422
342;0,1300499903883119
343;0,1298768647604336
344;0,1305411812417806
345;0,12946814279969124
346;0,13038404810404855
347;0,1296533840669086
348;0,1305526713629359
349;0,12955693729014003
350;0,130464554573259
351;0,1295569372901326
352;0,13046455457326608
353;0,12946814279968416
354;0,13046455457326578
355;0,13031116606032145
356;0,12938701635017116
357;0,1303111660603212
358;0,13018832512940182
359;0,13013838787998208
360;0,12909686285886043
361;0,13006152390311546
362;0,1300961183125794
363;0,13013838787997498
364;0,13018832512940892
365;0,13013838787997498
366;0,13013838787998208
367;0,13013838787998191
368;0,12909686285886057
369;0,13006152390311534
370;0,13009611831257242
371;0,13006152390311534
372;0,13003461077728753
373;0,13001538370515556
374;0,13003461077728753

346;0,13013838787997498
347;0,13018832512940892
348;0,12918978287774693
349;0,13018832512940892
350;0,13013838787997498
351;0,1300961183125794
352;0,1300961183125794
353;0,13006152390310835
354;0,1300961183125794
355;0,13009611831257953
356;0,13006152390310827
357;0,13006152390311546
358;0,12903487900563718
359;0,13006152390311534
360;0,13006152390311546
361;0,13006152390310835
362;0,13006152390311534
363;0,13003461077728046
364;0,1300961183125794
365;0,13003461077728753
366;0,13006152390310835
367;0,13003461077728753
368;0,13006152390311546
369;0,1300153837051555
370;0,1300153837051626
371;0,13001538370516266
372;0,1300153837051555
373;0,13003461077728753
374;0,13003461077728753

376;0,13000384609695462
377;0,12999999999999545
378;0,13000000000000256
379;0,13000000000000256
380;0,13000384609694754
381;0,13000000000000256
382;0,1300038460969546
383;0,13000384609694754
384;0,13000000000000256
385;0,13000384609695462
386;0,12999999999999545
387;0,13000000000000256
388;0,13000000000000256
389;0,13000384609694754
390;0,13000384609695462
391;0,1300153837051555
392;0,13000384609695462
393;0,1300038460969546
394;0,13001538370515556
395;0,1300038460969546
396;0,13000000000000256
397;0,1300038460969475
398;0,13000384609695462
399;0,13000384609695462
400;0,1300038460969475
401;0,13000384609695462
402;0,13000384609694754
403;0,1300038460969546
404;0,13001538370516266

406;0,13000000000000256
407;0,13000000000000256
408;0,12999999999999545
409;0,13000000000000256
410;0,13000000000000256
411;0,12999999999999545
412;0,13000000000000256
413;0,1300038460969475
