1.741698
17.04261
0.1997833
0.6576767
0.1595993
0.1660614
0.1688194
0.1771431
0.1803017
0.1699028
0.1725712
0.1674061
0.1677246
0.1746674
0.1733131
0.1997776
0.1950893
0.179884
0.2004395
0.2365074
0.2522373
0.305048
0.2931137
0.3637657
0.3857841
0.4757652
0.5597878
0.578331
0.6332397
0.6629372
0.6706429
0.6766796
0.6633759
0.6804047
0.697361
0.6436501
0.686161
0.7213707
0.6964188
0.6987572
1.019493
0.650013
0.7348671
0.7185135
0.7146835
0.6849136
0.728981
0.7329178
0.7387428
0.6795692
0.7520866
0.7424202
0.7629852
0.6694908
0.7462463
0.7834244
0.7144432
0.78685
0.7900352
0.7341537
0.7830009
0.7984047
0.7535934
1.088951
0.7545853
0.8288193
0.8480721
0.7351723
0.8435783
0.8112946
0.9127808
0.9215393
0.9334793
0.8048019
0.8220367
0.729187
0.7982483
0.7847519
0.7583923
0.8266907
0.7746658
0.7659607
0.7569199
0.7799759
0.7562027
0.848053
0.8231506
0.7795792
0.6921082
1.079224
0.8141174
0.7714844
0.7984848
0.7869034
0.7974472
0.8211212
0.7985306
0.8083801
0.7449875
0.8107376
0.8330841
0.7421799
0.8096161
0.8331223
0.8263245
0.7634125
0.8309097
0.8326416
0.8414307
0.7366257
0.8218765
0.8647079
0.7485352
0.841568
0.8386841
0.8564148
0.7561874
1.121254
0.8591614
0.8191376
0.7637482
0.8584366
0.8137512
0.848175
0.8513184
0.8261185
0.7423019
0.8423691
0.8586578
0.8199539
0.8465958
0.7447586
0.9274063
0.8468704
0.7554092
0.8385162
0.863327
0.8486481
0.8442078
0.8540649
0.8567963
0.8361969
0.8602295
0.8604889
0.8491821
1.241379
0.8400421
0.8480072
0.8390656
0.7507172
0.8408508
0.8527832
0.8371277
0.8335724
0.8561401
0.7668304
0.8591156
0.8644562
0.8564911
0.8688202
0.7658997
0.8402252
0.8291168
0.7651672
0.9388885
0.9990845
0.8692932
0.8566895
0.9564972
0.8865814
0.8445587
0.8814545
0.8033295
1.191589
0.8395691
0.8615417
0.7660522
0.868103
0.8501129
0.8622742
0.8599243
0.8677826
0.9474945
0.7550201
0.9164734
0.8613434
0.9419861
0.8458252
0.8466492
0.8578644
0.8541565
0.858017
0.7699585
0.8686981
0.8495789
0.8658295
0.8528595
0.8590088
0.781311
0.8617249
0.8596802
1.146591
0.8561859
0.8366241
0.8533783
0.7671814
0.8366547
0.8981628
0.7611237
0.8388214
0.8811493
0.8775177
0.8460846
0.7886963
0.8685455
0.8495636
0.7604065
0.8665619
0.8486176
0.7656403
0.8761444
0.8585663
0.8664703
0.8726196
0.8671722
0.8752594
0.8554993
0.802002
0.878067
0.8633118
1.157455
0.8728943
0.8473969
0.9354706
0.7816925
0.8663483
0.8467407
0.8697205
0.7597198
0.8671417
0.8681488
0.8628845
0.8655396
0.8882446
0.8516846
0.8671875
0.8906097
0.7725525
0.8843384
0.8881989
0.8569031
0.8841248
0.8796234
0.8764038
0.7599335
0.8865814
0.8904419
0.7695923
1.154449
0.8653717
0.8765259
0.8727722
0.7690125
0.8528442
0.8687439
0.8571167
0.7787781
0.8532715
0.8676758
0.8662415
0.787384
0.850708
0.8540039
0.7886047
0.8675537
0.866394
0.8778992
0.9608765
0.8885803
0.8812561
0.8604431
0.8851929
0.7840881
0.8878174
0.8842468
0.8982544
1.052094
0.8648071
0.8766174
0.7575684
0.8530884
0.8755188
0.7555542
0.8539734
0.9017029
0.87854
0.87677
0.8068237
0.8602905
0.8536682
1.665802
0.8511353
0.8749695
0.8908081
0.8162537
0.8505554
0.9080505
0.9068909
0.8684387
0.8983459
0.9182434
0.9100037
0.8722534
0.884613
1.198517
0.7998352
0.8594666
0.8616638
0.8728638
0.8699341
0.8684387
0.7920532
0.8598633
0.8682861
0.7719421
0.8506775
0.8764343
0.8700256
0.8544617
0.8821716
0.8895569
0.9589539
0.8868408
0.8988953
0.8653259
0.8693237
0.8283997
0.8702087
0.8632813
0.8194275
0.8892517
0.8895874
0.7882385
1.161041
0.8547974
0.7973022
0.8466797
0.8704834
0.8846741
0.8514709
0.8398743
0.8698425
0.8834229
0.7893066
0.8999634
0.8791809
0.7672424
0.992157
0.7766418
0.883606
0.8684998
0.8631897
0.8669739
0.7745667
0.8614502
0.7849426
0.8816223
0.8529968
0.887207
0.8854675
0.8687439
1.076202
0.9673462
0.8600769
0.8596191
0.8846741
0.8803101
0.863678
0.8711853
0.7652588
0.8704834
0.8814697
0.942688
0.875
1.025024
0.8597107
0.9525146
0.8971558
0.9995422
0.9324341
0.8914185
0.9466553
0.8913269
0.9032593
0.9102478
0.8649902
0.8348389
0.8628235
0.8703918
1.157074
0.8753662
0.895813
0.7853394
0.8796692
0.8626404
0.9737549
0.8476563
0.8673706
0.9627075
0.8610535
0.9346008
0.8770752
0.8721008
0.8612671
0.8877869
0.798584
0.8789063
0.8767395
0.8666077
0.7919312
0.8800049
0.881134
0.9547729
0.8094482
0.8631592
0.8912659
1.165161
0.7533264
0.8586121
0.8986511
0.7641296
0.8630066
0.8816223
0.8521118
0.864624
0.8757324
0.8682861
0.88974
0.8932495
0.8544922
0.8748779
0.90448
0.859375
0.9378052
0.8874207
0.8901978
0.8545532
0.8818054
0.8721924
0.8678284
0.8672485
0.7974548
0.8979797
0.8991394
1.140015
0.8547974
0.8824158
0.8677979
0.7578735
0.8792114
0.8563843
0.8798828
0.8816528
0.8782959
0.7836304
0.9844055
0.8626404
0.7914734
0.874115
0.8674622
0.8797913
0.8889771
0.8667297
0.8700256
0.8854675
0.853241
0.8716736
0.8143005
0.8378906
0.8544312
0.8943787
0.8638611
0.7679138
1.133575
0.9388733
0.855072
0.874176
0.8598022
0.8866577
0.8857422
0.9552002
0.7929382
0.8901672
0.868103
0.8670654
0.8808899
0.890564
0.7823181
0.9090881
0.8913879
0.8701477
0.9581299
0.9257813
0.8980713
1.013214
0.9552002
1.051514
0.9042358
0.9251709
0.8423462
1.184753
0.913147
0.8262939
1.062378
0.8934326
0.9135742
0.8876343
0.8788452
0.8313599
0.8942261
1.158997
0.9119263
0.9003296
0.8139038
1.007324
0.8706665
0.8920288
0.8995361
0.9072266
0.9596558
0.9041748
0.8183594
0.8883667
0.9014893
0.8173218
1.005737
0.9209595
0.9162598
1.192322
0.9110718
0.7823486
0.8910522
0.8795166
0.8845825
0.8926392
1.011536
0.8853149
0.90802
0.9179077
0.878418
0.9318237
0.9432983
0.9320068
0.8760376
0.8831177
0.902832
0.8894043
0.9467773
0.8092041
0.878418
0.8743896
0.8787231
0.8916016
0.8027344
0.8554688
0.8895264
1.195557
0.7692261
0.8684082
0.8813477
0.8581543
0.7595825
0.8510132
0.8831177
0.8884277
0.8964233
0.8121948
0.8664551
0.8751831
0.7918091
0.8672485
0.8704834
0.8840942
0.8514404
0.8496094
0.7867432
0.8587036
0.9216309
0.8812866
0.8844604
0.8686523
0.9846191
0.8153076
0.9989014
0.8946533
1.178528
0.8582764
0.8789673
0.8613281
0.8748169
1.33844
0.8739014
0.8920288
0.7965698
0.8884888
0.9549561
0.796936
0.8817749
0.8861694
0.9342651
0.9425659
0.916687
0.9486694
0.9106445
0.9775391
0.9478149
1.076111
0.8920288
1.02948
0.8968506
1.027222
0.9202881
0.8962402
1.162354
1.024597
0.9460449
0.7943726
0.9641724
0.868103
1.006409
0.9044189
1.074219
0.963562
0.9088745
0.9080811
0.9900513
0.8942261
0.9836426
0.895752
0.8909302
0.8416748
0.8952026
0.9075317
1.010803
0.9067383
0.9420166
0.9915161
0.8321533
0.9133301
0.9176025
1.177673
0.9047852
0.8839111
0.8956299
0.8086548
0.8989868
1.000061
0.9127197
0.9937134
0.9169312
1.064392
0.8927612
0.9092407
1.052124
0.9023438
0.8210449
0.9321289
0.8972778
0.9046631
0.9561768
1.006348
0.9467773
0.934082
1.008057
0.8234253
0.9334106
0.8858643
0.9431152
1.218811
0.8861084
0.8895264
0.9004517
0.8028564
0.887146
0.9106445
0.8045044
0.902832
0.9293213
0.8723145
0.9723511
0.9906616
0.9918823
1.049255
0.9457397
0.7865601
1.014099
0.8959961
0.9836426
0.8677979
0.9063721
0.9105835
0.8988037
0.8792725
0.8756714
1.030273
0.9893799
1.227722
0.8873901
0.9060669
0.9215088
0.8162231
0.9301758
0.9210815
0.9255981
0.9382935
0.8041992
0.9200439
0.9228516
0.9107056
0.831665
0.9537964
0.909729
0.8325195
0.9379272
0.9068604
0.8203735
0.8929443
0.880249
0.8043823
0.9082031
0.8706055
0.7869873
0.9217529
0.9151001
1.146057
0.8627319
0.7840576
0.867981
0.8674316
0.8575439
0.8515015
0.8655396
0.7733765
0.8748779
0.8867798
0.8583984
0.8751831
0.8989258
0.8973999
0.8034058
0.8812866
0.8797607
0.8658447
0.8096924
0.8665161
0.8757324
0.8778076
0.888916
0.8781128
0.8931274
0.9624634
0.9050293
1.175903
0.940979
0.8786011
0.8659668
0.8661499
0.8696899
0.7939453
0.8361206
0.8659058
0.7900391
0.8463745
0.8881226
0.8059082
0.852417
0.8734741
0.8052979
0.8789673
0.8843384
0.8187256
0.8963013
0.8657227
0.9608154
0.9303589
0.8886719
0.8996582
0.9068604
0.8865967
0.8916016
1.290344
0.8613281
0.9003296
0.9690552
0.9061279
0.8796997
0.8648071
0.8761597
0.8825684
0.8864746
0.8781738
0.9085693
0.9688721
0.8915405
0.904541
0.8843994
0.7960205
0.9053345
0.8861694
0.8746338
0.7894287
0.8867798
0.880127
0.9165039
0.93396
0.965271
0.9238892
0.8681641
1.193481
0.8828125
0.8648682
0.7814941
0.8917236
0.8867188
0.8856812
0.8982544
0.7872925
0.8735352
0.8834839
0.9060669
0.8978882
0.8071289
0.90625
0.8875732
0.7965088
0.9669189
1.1297
0.9865723
0.8912354
0.9082642
0.8977661
0.7959595
0.9909668
0.9081421
0.9868164
0.9827881
1.211853
0.9234619
0.9237671
0.9031372
0.8629761
0.8821411
0.8931274
0.9013672
0.7971802
0.9230347
0.9206543
0.9241943
0.8499756
0.8952637
0.9212646
0.9221191
0.8963623
0.8907471
0.9368286
0.8875122
0.9007568
0.8401489
1.016479
0.9490967
0.906189
0.8705444
0.9838867
0.9208374
1.174866
0.8728027
0.9290161
0.8809204
0.8821411
0.9551392
0.9308472
0.9273682
0.9705811
0.8654175
0.8584595
0.8856812
0.90979
0.868103
0.9797974
0.911499
0.8986816
0.9144287
0.8016357
0.8781738
1.000305
0.9049072
0.9127808
0.99646
0.8221436
0.8721313
1.338135
1.000244
1.183655
0.9116821
0.8609619
0.9042969
0.923584
0.8972778
0.8821411
0.9182129
0.8796387
0.7949829
0.8887329
0.9066162
0.8496704
0.9104614
0.8895874
0.864624
0.9057007
0.8924561
0.8602905
0.7888794
0.9650269
0.9389648
0.951355
0.8596191
0.8654175
0.9593506
0.8649902
1.214294
0.8687134
0.8178711
0.8828125
0.8921509
0.8744507
0.9215088
0.8986206
0.8902588
0.8873291
0.9052734
0.8845825
0.8939209
0.9279175
0.9173584
0.890686
0.8713379
0.9014893
0.8925171
0.9155273
0.8776855
0.8969727
0.9035645
0.8761597
0.9398193
0.9564819
0.9116821
0.887207
1.18158
0.8943481
0.9003296
0.8167725
0.8681641
0.8898926
0.8232422
0.9375
0.9434204
0.8846436
0.9537964
0.9268799
0.9992065
0.8920898
0.8441772
0.888855
0.9781494
0.9806519
0.9969482
1.104614
1.013428
1.065491
1.009338
1.131226
1.071106
0.9995117
1.193481
1.007324
1.284302
0.9083252
0.9746094
0.9263916
0.9227295
0.9041748
0.8011475
0.9146729
0.8936768
0.9359131
0.8001709
0.9385986
0.9290771
0.9591064
0.8773193
0.8724365
0.9162598
0.8465576
0.8670654
0.8569336
0.8468018
0.8463135
0.8792725
0.9909668
0.8349609
0.892334
0.864502
1.001709
0.9405518
0.7612305
1.189941
0.8811035
0.9470215
0.7476807
0.9147949
0.8834229
0.807251
0.8824463
0.9385986
0.8347168
0.8980713
0.7852783
0.8914795
0.7821045
0.7789307
0.9051514
0.887085
0.8144531
0.9428711
0.8658447
0.8344727
0.8029785
0.970459
0.9333496
0.930542
0.9287109
0.9130859
0.8178711
0.8895264
0.8731689
0.7042236
0.8192139
0.8103027
0.7509766
1.064819
0.7020264
0.7205811
0.7325439
0.7165527
0.6300049
0.7159424
0.6254883
0.647583
0.6298828
0.657959
0.6330566
0.6273193
0.612915
0.6087646
0.6522217
0.4846191
0.6529541
0.5543213
0.5281982
0.6505127
0.5384521
0.5111084
0.5059814
0.5281982
0.543457
0.5229492
0.53125
0.5196533
0.5161133
0.4293213
0.5195313
0.5294189
0.3858643
0.5202637
0.5177002
0.5018311
0.3771973
0.5172119
0.5185547
0.4086914
0.5126953
0.4334717
0.4127197
0.5236816
0.4052734
0.401123
0.53479
0.3883057
0.5091553
0.4333496
0.4061279
0.421875
0.53479
0.4659424
0.4193115
0.463501
0.4108887
0.4161377
0.4259033
0.6088867
0.4761963
0.7287598
0.4331055
0.427124
0.4008789
0.5495605
0.4125977
0.4150391
0.4188232
0.4140625
0.5491943
0.4626465
0.442749
0.4547119
0.4443359
0.6462402
0.4564209
0.4645996
0.4696045
0.4067383
0.449585
0.5189209
0.420166
0.4229736
0.5584717
0.4141846
0.4267578
0.4350586
0.4326172
0.4431152
0.4121094
0.4300537
0.5498047
0.4121094
0.4394531
0.4875488
0.43396
0.3929443
0.4372559
0.4080811
0.5147705
0.4298096
0.4118652
0.44104
0.4012451
0.447998
0.4141846
0.4189453
0.5397949
0.4168701
0.4378662
0.4216309
0.3961182
0.4190674
0.453125
0.4414063
0.5598145
0.4525146
0.4057617
0.4177246
0.4361572
0.4454346
0.4256592
0.4250488
0.5750732
0.4407959
0.4320068
0.3985596
0.440918
0.4475098
0.4387207
0.460083
0.6578369
0.4510498
0.421875
0.498291
0.4963379
0.4217529
0.4425049
0.4085693
0.5994873
0.710083
0.4035645
0.4329834
0.4188232
0.4586182
0.411499
0.4284668
0.5423584
0.3929443
0.8967285
0.4122314
0.3879395
0.4257813
0.3850098
0.4240723
0.5343018
0.3881836
0.4207764
0.4052734
0.4260254
0.3753662
0.4187012
0.3908691
0.5634766
0.4151611
0.3919678
0.4196777
0.4112549
0.3780518
0.4199219
0.4403076
0.5324707
0.4094238
0.4665527
0.3990479
0.3997803
0.4101563
0.421875
0.4080811
0.5510254
0.3898926
0.4418945
0.3936768
0.4351807
0.4075928
0.3999023
0.3990479
0.5544434
0.4263916
0.4187012
0.4285889
0.4047852
0.4195557
0.4107666
0.4143066
0.5239258
0.3939209
0.390625
0.4001465
0.4210205
0.4366455
0.4180908
0.4200439
0.5670166
0.4150391
0.4300537
0.4124756
0.4488525
0.4196777
0.3931885
0.4364014
0.5157471
0.5047607
0.411499
0.4013672
0.3988037
0.4188232
0.4141846
0.3936768
0.5705566
0.7012939
0.4190674
0.4482422
0.4025879
0.4245605
0.385498
0.4272461
0.5286865
0.4202881
0.4301758
0.411499
0.4342041
0.4023438
0.4199219
0.4051514
0.5546875
0.4293213
0.4155273
0.4241943
0.3996582
0.4188232
0.4160156
0.4058838
0.5512695
0.442627
0.4139404
0.4505615
0.4208984
0.4243164
0.4196777
0.4390869
0.5888672
0.432251
0.4287109
0.5070801
0.4711914
0.4279785
0.3869629
0.4038086
0.5373535
0.4405518
0.4736328
0.4025879
0.4073486
0.4344482
0.4257813
0.4375
0.541748
0.4093018
0.4047852
0.4814453
0.4039307
0.4222412
0.4273682
0.458252
0.5283203
0.4337158
0.4210205
0.416626
0.4310303
0.4399414
0.4658203
0.4282227
0.5217285
0.4309082
0.4276123
0.442627
0.4307861
0.4232178
0.444458
0.4295654
0.5092773
0.3973389
0.4001465
0.4345703
0.4089355
0.414917
0.4296875
0.4056396
0.5670166
0.6713867
0.4030762
0.4068604
0.4134521
0.4284668
0.4216309
0.4471436
0.5664063
0.4099121
0.5026855
0.46875
0.5064697
0.4970703
0.4488525
0.4396973
0.526001
0.4139404
0.4151611
0.4256592
0.4244385
0.4060059
0.4348145
0.3950195
0.5269775
0.5031738
0.4072266
0.4061279
0.3989258
0.4591064
0.3922119
0.4475098
0.5484619
0.4655762
0.3945313
0.4117432
0.3948975
0.4227295
0.4000244
0.4287109
0.5667725
0.4093018
0.4121094
0.4018555
0.4530029
0.4110107
0.3962402
0.4046631
0.5007324
0.4278564
0.3907471
0.4208984
0.4061279
0.4155273
0.4348145
0.4255371
0.5231934
0.3944092
0.4261475
0.3914795
0.4283447
0.4313965
0.4129639
0.3950195
0.560791
0.390625
0.3829346
0.4173584
0.3797607
0.3900146
0.4025879
0.4281006
0.4992676
0.4445801
0.401001
0.4302979
0.4207764
0.3983154
0.4241943
0.4189453
0.5354004
0.6796875
0.4073486
0.3953857
0.395874
0.4219971
0.3793945
0.4151611
0.5405273
0.4212646
0.3931885
0.3896484
0.4180908
0.4072266
0.4525146
0.4233398
0.5524902
0.4090576
0.3947754
0.4082031
0.394165
0.4342041
0.4066162
0.4263916
0.5222168
0.4296875
0.4521484
0.407959
0.4295654
0.4283447
0.3990479
0.4344482
0.555542
0.40625
0.4564209
0.4199219
0.4471436
0.4019775
0.4794922
0.4702148
0.5040283
0.4193115
0.3908691
0.4123535
0.4005127
0.4093018
0.4191895
0.4238281
0.4893799
0.4088135
0.3851318
0.4213867
0.427124
0.3829346
0.4262695
0.3748779
0.5256348
0.3966064
0.4172363
0.4075928
0.4049072
0.4002686
0.4128418
0.4309082
0.5439453
0.4627686
0.4147949
0.4249268
0.4052734
0.4063721
0.9101563
0.3945313
0.5206299
0.4191895
0.3928223
0.454834
0.421875
0.418335
0.4093018
0.4283447
0.5323486
0.6727295
0.4140625
0.3913574
0.3823242
0.4040527
0.375
0.4022217
0.5126953
0.4003906
0.4074707
0.4140625
0.4093018
0.416748
0.4012451
0.3895264
0.5336914
0.4089355
0.4077148
0.4018555
0.4042969
0.404541
0.4002686
0.4024658
0.5804443
0.425293
0.4504395
0.4224854
0.4744873
0.4370117
0.510376
0.4862061
0.550415
0.4200439
0.3980713
0.420166
0.4388428
0.3963623
0.4240723
0.4178467
0.5441895
0.4060059
0.4842529
0.4078369
0.4389648
0.3972168
0.4262695
0.4265137
0.5283203
0.4382324
0.4053955
0.3936768
0.4278564
0.4228516
0.427002
0.4289551
0.5947266
0.4387207
0.4438477
0.4119873
0.4016113
0.460083
0.4066162
0.4272461
0.5472412
0.4228516
0.4191895
0.3980713
0.4549561
0.3735352
0.4085693
0.3848877
0.5556641
0.4182129
0.4241943
0.4282227
0.454834
0.4239502
0.4188232
0.3841553
0.5603027
0.677002
0.4429932
0.3793945
0.3830566
0.4051514
0.390625
0.4112549
0.5429688
0.4318848
0.4284668
0.395752
0.4416504
0.387085
0.4195557
0.3807373
0.5466309
0.4459229
0.3917236
0.4468994
0.4279785
0.4152832
0.4107666
0.3952637
0.5539551
0.4084473
0.4359131
0.4030762
0.4493408
0.4182129
0.4338379
0.4230957
0.5206299
0.4554443
0.4152832
0.4094238
0.4012451
0.4219971
0.4246826
0.4122314
0.5362549
0.3973389
0.4428711
0.4069824
0.444458
0.4696045
0.4317627
0.4621582
0.6187744
0.4130859
0.4257813
0.4180908
0.4117432
0.4387207
0.4129639
0.4331055
0.5645752
0.3905029
0.4245605
0.3948975
0.4285889
0.3948975
0.4385986
0.3929443
0.5197754
0.3796387
0.4018555
0.4108887
0.3895264
0.4301758
0.4104004
0.4030762
0.524292
0.3970947
0.3991699
0.3935547
0.3979492
0.3983154
0.3917236
0.3914795
0.5306396
0.6395264
0.394165
0.3878174
0.4118652
0.3793945
0.4199219
0.4042969
0.5209961
0.4279785
0.4102783
0.411499
0.4204102
0.4429932
0.4129639
0.3903809
0.5113525
0.3966064
0.3927002
0.3948975
0.4240723
0.4134521
0.4274902
0.4348145
0.55896
0.4387207
0.4375
0.4587402
0.5003662
0.4371338
0.4820557
0.4505615
0.557373
0.3780518
0.4327393
0.3842773
0.4144287
0.3862305
0.4099121
0.4060059
0.5338135
0.4034424
0.3863525
0.3822021
0.4255371
0.4039307
0.4128418
0.3944092
0.5148926
0.425415
0.3970947
0.4172363
0.4078369
0.3928223
0.4594727
0.4005127
0.5283203
0.3964844
0.4355469
0.3916016
0.4332275
0.4215088
0.4530029
0.4061279
0.5369873
0.4230957
0.4046631
0.4321289
0.4171143
0.4144287
0.4124756
0.4260254
0.524292
0.3953857
0.4039307
0.3828125
0.4222412
0.4000244
0.4313965
0.4060059
0.5327148
0.6633301
0.4143066
0.4135742
0.395752
0.4199219
0.4058838
0.397583
0.5332031
0.411499
0.4018555
0.3908691
0.425293
0.3787842
0.4019775
0.4174805
0.5499268
0.4161377
0.414917
0.3951416
0.4133301
0.404541
0.4354248
0.3822021
0.5743408
0.4006348
0.4434814
0.4067383
0.4141846
0.4442139
0.4296875
0.4174805
0.5883789
0.4144287
0.4906006
0.3994141
0.4343262
0.4639893
0.4776611
0.3756104
0.5100098
0.427002
0.3984375
0.3979492
0.4067383
0.4431152
0.3939209
0.3825684
0.5318604
0.401123
0.894043
0.4180908
0.3930664
0.4283447
0.4094238
0.4489746
0.5771484
0.4361572
0.3897705
0.4082031
0.3945313
0.4078369
0.4224854
0.4053955
0.545166
0.4094238
0.3911133
0.4508057
0.3966064
0.4200439
0.3869629
0.4099121
0.5441895
0.4296875
0.3990479
0.4486084
0.4145508
0.3887939
0.3800049
0.4078369
0.5441895
0.6871338
0.3758545
0.4241943
0.5050049
0.2839355
0.4108887
0.4039307
0.5217285
0.453125
0.4227295
0.4335938
0.4272461
0.4229736
0.401123
0.4632568
0.5310059
0.4420166
0.4306641
0.4154053
0.4127197
0.4335938
0.381958
0.432373
0.522583
0.4287109
0.4217529
0.4334717
0.4260254
0.4423828
0.3931885
0.3874512
0.5592041
0.4399414
0.4354248
0.413208
0.4554443
0.4138184
0.3852539
0.4085693
0.524292
0.4335938
0.3725586
0.4327393
0.4263916
0.4729004
0.4313965
0.4393311
0.5449219
0.416748
0.425293
0.4406738
0.404541
0.4241943
0.4283447
0.4278564
0.5322266
0.4407959
0.4019775
0.4090576
0.409668
0.4272461
0.4068604
0.4454346
0.4925537
0.4486084
0.4094238
0.4085693
0.4041748
0.4147949
0.4489746
0.4251709
0.576416
0.4356689
0.4090576
0.4283447
0.4259033
0.453125
0.4003906
0.4428711
0.5263672
0.7001953
0.4279785
0.4300537
0.390625
0.4152832
0.453125
0.4281006
0.5216064
0.4360352
0.4266357
0.4472656
0.3835449
0.4205322
0.387085
0.4313965
0.5050049
0.4667969
0.4017334
0.4099121
0.4141846
0.3925781
0.4061279
0.3762207
0.5076904
0.3981934
0.4122314
0.425415
0.3751221
0.3825684
0.3818359
0.4071045
0.5198975
0.4326172
0.3813477
0.4111328
0.3973389
0.4508057
0.3952637
0.4328613
0.5048828
0.4053955
0.4505615
0.430542
0.4741211
0.4213867
0.4315186
0.4780273
0.6079102
0.4677734
0.4580078
0.4984131
0.4250488
0.4675293
0.4044189
0.395874
0.572876
0.4764404
0.4100342
0.4057617
0.4312744
0.4245605
0.3848877
0.4445801
0.5372314
0.4862061
0.4019775
0.4375
0.4163818
0.3936768
0.4160156
0.4044189
0.543335
0.3996582
0.4080811
0.4110107
0.4234619
0.4262695
0.428833
0.4320068
0.5266113
0.7130127
0.416626
0.4074707
0.3811035
0.4049072
0.4173584
0.4020996
0.5513916
0.4248047
0.4279785
0.3985596
0.381958
0.4249268
0.3609619
0.3944092
0.4931641
0.4135742
0.4121094
0.4471436
0.407959
0.4346924
0.401001
0.4104004
0.5164795
0.4284668
0.4432373
0.4265137
0.4311523
0.4178467
0.4680176
0.4456787
0.5621338
0.5056152
0.4298096
0.4776611
0.401123
0.4290771
0.3897705
0.4881592
0.4986572
0.4205322
0.4272461
0.4332275
0.4729004
0.4945068
0.4550781
0.4307861
0.5280762
0.4501953
0.4212646
0.4284668
0.4069824
0.4152832
0.3953857
0.4428711
0.5106201
0.4503174
0.4395752
0.4299316
0.4134521
0.4172363
0.4674072
0.4138184
0.5253906
0.4522705
0.3834229
0.4246826
0.3756104
0.4354248
0.4162598
0.4353027
0.5269775
0.4393311
0.4102783
0.3939209
0.4124756
0.397583
0.3840332
0.4844971
0.5084229
0.6794434
0.3919678
0.4179688
0.4061279
0.454834
0.3861084
0.4207764
0.5169678
0.3759766
0.3968506
0.3896484
0.3769531
0.4029541
0.40979
0.4104004
0.5322266
0.4383545
0.3970947
0.4309082
0.4418945
0.3920898
0.4216309
0.4383545
0.534668
0.4442139
0.4112549
0.4510498
0.4014893
0.4232178
0.9259033
0.4432373
0.5075684
0.4085693
0.4343262
0.395752
0.479248
0.43396
0.418335
0.4025879
0.5428467
0.4044189
0.4077148
0.4024658
0.4390869
0.4082031
0.440918
0.4169922
0.5421143
0.4212646
0.4023438
0.407959
0.4182129
0.3905029
0.4034424
0.3994141
0.5305176
0.395752
0.4144287
0.3773193
0.4406738
0.3740234
0.4262695
0.3894043
0.5372314
0.4189453
0.4324951
0.3990479
0.4342041
0.4210205
0.4172363
0.421875
0.5454102
0.4250488
0.4117432
0.404541
0.4107666
0.4204102
0.3995361
0.4381104
0.5653076
0.6624756
0.4001465
0.4127197
0.4135742
0.4255371
0.4189453
0.4362793
0.5412598
0.4296875
0.402832
0.3997803
0.4282227
0.4053955
0.4356689
0.3850098
0.5742188
0.4093018
0.4942627
0.4185791
0.4283447
0.3970947
0.4061279
0.4289551
0.5361328
0.4151611
0.40625
0.4265137
0.4071045
0.3890381
0.4329834
0.3900146
0.5727539
0.394165
0.4188232
0.3963623
0.3986816
0.4312744
0.4172363
0.3818359
0.5117188
0.4064941
0.4100342
0.4243164
0.446167
0.4066162
0.4349365
0.4122314
0.5693359
0.4013672
0.4228516
0.4195557
0.4379883
0.387207
0.4073486
0.395752
0.5269775
0.4086914
0.4206543
0.4234619
0.402832
0.4428711
0.416748
0.4267578
0.5452881
0.4161377
0.427002
0.3991699
0.4512939
0.3939209
0.4326172
0.3972168
0.5202637
0.4106445
0.4263916
0.4034424
0.4141846
0.4136963
0.4213867
0.3994141
0.5581055
0.6705322
0.4191895
0.3962402
0.4331055
0.401123
0.4405518
0.3925781
0.5390625
0.3948975
0.40979
0.4046631
0.411377
0.3798828
0.4086914
0.404541
0.5175781
0.4229736
0.4351807
0.4119873
0.4211426
0.4287109
0.3962402
0.4090576
0.5338135
0.3909912
0.4407959
0.3986816
0.4346924
0.4102783
0.4349365
0.3806152
0.534668
0.3885498
0.4185791
0.3973389
0.421875
0.4228516
0.395752
0.4451904
0.5290527
0.4088135
0.3922119
0.3999023
0.40979
0.4063721
0.4143066
0.3928223
0.5789795
0.4038086
0.4344482
0.4080811
0.4023438
0.4210205
0.4102783
0.3959961
0.6160889
0.4169922
0.4128418
0.4438477
0.4309082
0.3977051
0.4069824
0.4055176
0.5495605
0.4073486
0.4191895
0.4111328
0.427002
0.3963623
0.4139404
0.4086914
0.5717773
0.4416504
0.4180908
0.4089355
0.425293
0.4160156
0.4388428
0.4155273
0.5541992
0.6915283
0.4454346
0.4527588
0.3985596
0.4014893
0.4094238
0.3699951
0.5192871
0.4244385
0.4086914
0.5269775
0.3012695
0.4366455
0.4382324
0.3981934
0.53479
0.404541
0.4301758
0.4068604
0.4549561
0.4019775
0.4470215
0.4119873
0.5603027
0.3953857
0.3997803
0.4294434
0.4320068
0.4436035
0.4515381
0.4597168
0.6529541
0.4222412
0.4614258
0.4705811
0.5129395
0.4213867
0.4508057
0.467041
0.6463623
0.4049072
0.411377
0.4090576
0.4023438
0.4804688
0.4764404
0.4002686
0.5644531
0.4296875
0.4639893
0.4370117
0.4293213
0.4564209
